5587.65
5587.65
5587.65
5587.65
5587.65
5587.65
5587.65
5587.65
5587.65
5587.65
5587.65
5587.65
5587.65
5587.65
5587.65
5587.65
5587.65
5587.65
5587.65
5587.65
5587.65
5587.65
5587.65
5587.65
5587.65
5587.65
5751.47302784
5768.90928215
5861.07234063
5782.19404733
5842.80578849
5842.80578849
5842.80578849
5906.73872095
5879.33889276
5960.70807952
5929.98706003
5910.89021007
5910.89021007
5910.89021007
5881.82978623
5875.18740364
5936.62944262
6035.4348837
6096.04662486
6096.04662486
6096.04662486
6096.04662486
6071.96798796
6114.31317699
6189.03998116
6225.57308542
6225.57308542
6225.57308542
6118.46466611
5971.50195124
6045.39845759
6071.13769013
6136.73121824
6136.73121824
6136.73121824
6252.97291362
6291.16661353
6250.48202015
6325.20882432
6394.12354373
6394.12354373
6394.12354373
6443.94141317
6400.76592632
6340.98448298
6334.34210039
6422.35366975
6422.35366975
6422.35366975
6530.29238689
6471.34124137
6389.14175678
6343.47537645
6336.00269604
6336.00269604
6336.00269604
6172.43402468
6209.79742677
6361.74192858
6395.78413937
6395.78413937
6395.78413937
6395.78413937
6378.34788507
6323.54822867
6315.24525043
6245.5002332
6204.81563982
6204.81563982
6204.81563982
6168.28253556
6220.59129848
6376.68728942
6487.11690003
6555.20132161
6555.20132161
6555.20132161
6699.67314301
6767.75756459
6772.73935154
6804.29066885
6712.12761037
6712.12761037
6712.12761037
6774.39994718
6759.45458635
6663.14003875
6673.10361264
6740.35773639
6740.35773639
6740.35773639
6725.41237556
6667.29152787
6819.23602969
6898.9446208
7045.07703785
7045.07703785
7045.07703785
7104.02818337
6930.49593812
6944.61100113
6978.65321192
7058.36180304
7058.36180304
7058.36180304
7036.77405961
7058.36180304
7129.76741592
7047.56793133
6954.57457502
6954.57457502
6954.57457502
6955.40487285
6895.62342951
6797.64828626
6799.30888191
6907.24759905
6907.24759905
6907.24759905
6907.24759905
6859.09032525
6783.53322325
6766.92726677
6910.56879034
6910.56879034
6910.56879034
7029.3013792
7025.14989007
6973.67142498
6992.76827493
6971.18053151
6971.18053151
6971.18053151
6892.30223821
6825.87841228
6846.63585788
6802.6300732
6845.80556006
6845.80556006
6845.80556006
6929.6656403
6879.84777085
6873.20538826
7019.33780531
7102.36758772
7102.36758772
7102.36758772
7180.41558319
7216.11838963
7246.0091113
7257.63328083
7249.33030259
7249.33030259
7249.33030259
7297.48757639
7285.03310903
7226.91226134
7238.53643088
7238.53643088
7238.53643088
7238.53643088
7149.6945637
7122.2947355
7239.3667287
7239.3667287
7232.72434611
7232.72434611
7232.72434611
7272.57864167
7321.56621329
7241.02732435
7176.26409407
7160.48843541
7160.48843541
7160.48843541
7096.55550295
7030.96197484
6947.10189461
6976.99261627
6925.51415118
6925.51415118
6925.51415118
6873.20538826
6849.12675136
6905.5870034
6903.92640775
6862.41151654
6862.41151654
6862.41151654
6792.66649931
6727.07297121
6756.13339505
6773.56964936
6789.34530802
6789.34530802
6789.34530802
6839.99347529
6879.01747303
6813.42394492
6783.53322325
6854.93883613
6854.93883613
6854.93883613
6831.69049705
6712.9579082
6586.75263893
6573.46787374
6682.2368887
6682.2368887
6682.2368887
6744.50922551
6668.12182569
6702.16403648
6887.32045127
6935.47772507
6935.47772507
6935.47772507
6935.47772507
6839.16317747
6910.56879034
6960.38665979
6940.45951201
6940.45951201
6940.45951201
6975.33202063
6873.20538826
6789.34530802
6747.83041681
6718.76999297
6718.76999297
6718.76999297
6668.95212352
6601.69799976
6634.90991273
6763.60607547
6889.81134474
6889.81134474
6889.81134474
6811.76334927
6807.61186015
6859.92062307
6810.10275362
6796.81798844
6796.81798844
6796.81798844
6685.55808
6591.73442587
6511.19553693
6597.54651064
6751.98190593
6751.98190593
6751.98190593
6805.9512645
6779.38173413
6840.82377311
6845.80556006
6840.82377311
6840.82377311
6840.82377311
6956.23517067
6934.64742724
6951.25338373
6957.06546849
6909.73849252
6909.73849252
6909.73849252
6993.59857276
7030.96197484
7054.21031392
7100.70699207
6978.65321192
6978.65321192
6978.65321192
6962.04725544
7069.98597258
6962.87755326
6952.91397937
6941.28980984
6941.28980984
6941.28980984
6855.76913395
6892.30223821
6943.78070331
6981.97440322
6939.62921419
6939.62921419
6939.62921419
6937.13832072
6962.87755326
7076.62835517
7067.49507911
7088.25252471
7088.25252471
7088.25252471
7113.16145943
7100.70699207
7042.58614438
7003.56214665
6981.14410539
6981.14410539
6981.14410539
7020.99840095
7102.36758772
7128.93711809
7128.93711809
7146.3733724
7146.3733724
7146.3733724
7109.84026814
7001.07125317
6854.1085383
6883.99925997
6798.47858408
6798.47858408
6798.47858408
6821.72692316
6843.31466659
6923.85355553
6913.88998164
6914.72027946
6914.72027946
6914.72027946
6946.27159678
7010.20452924
7026.81048572
7074.96775952
7011.03482706
7011.03482706
7011.03482706
6962.87755326
7006.05304012
7073.30716387
7073.30716387
7138.90069198
7138.90069198
7138.90069198
7113.16145943
7077.458653
7077.458653
7077.458653
7129.76741592
7129.76741592
7129.76741592
7288.35430033
7396.29301747
7461.88654557
7538.27394539
7564.84347577
7564.84347577
7564.84347577
7658.6671299
7579.7888366
7718.44857323
7676.1033842
7718.44857323
7718.44857323
7718.44857323
7835.52056644
7886.99903154
7856.27801204
7833.85997079
7920.2109445
7920.2109445
7920.2109445
7983.31357914
7952.59255964
7899.4534989
8043.9253203
8097.89467887
8097.89467887
8097.89467887
8065.51306373
8075.47663762
8108.68855058
8010.71340733
7928.51392274
7928.51392274
7928.51392274
7947.6107727
8043.9253203
8069.66455285
8027.31936382
7957.57434659
7957.57434659
7957.57434659
7957.57434659
7892.8111163
7971.6894096
8102.04616799
8201.68190689
8201.68190689
8201.68190689
8180.92446128
8249.83918069
8258.14215893
8126.95510271
8075.47663762
8075.47663762
8075.47663762
8098.72497669
8179.26386563
8126.95510271
8058.87068113
8077.96753109
8077.96753109
8077.96753109
8209.1545873
8250.66947851
8263.9542437
8330.37806963
8200.02131124
8200.02131124
8200.02131124
8091.25229627
8165.97910045
8186.73654605
8136.08837878
8127.78540054
8127.78540054
8127.78540054
8156.01552656
8264.78454152
8379.36564125
8320.41449574
8332.03866528
8332.03866528
8332.03866528
8281.390498
8237.38471332
8298.82675231
8253.99066981
8233.2332242
8233.2332242
8233.2332242
8337.02045222
8317.09330444
8188.3971417
8112.8400397
8039.77383118
8039.77383118
8039.77383118
8064.6827659
8172.62148304
8092.91289192
8141.07016572
8204.17280036
8204.17280036
8204.17280036
8204.17280036
8332.03866528
8394.31100209
8366.91117389
8308.7903262
8308.7903262
8308.7903262
8326.22658051
8265.61483934
8308.7903262
8320.41449574
8277.23900888
8277.23900888
8277.23900888
8222.43935249
8250.66947851
8190.88803517
8215.7969699
8271.42692411
8271.42692411
8271.42692411
8365.25057824
8357.77789782
8350.30521741
8312.1115175
8241.53620244
8241.53620244
8241.53620244
8200.02131124
8215.7969699
8210.81518295
8280.56020018
8226.59084161
8226.59084161
8226.59084161
8066.34336155
8068.0039572
8042.26472465
8097.06438104
8097.06438104
8097.06438104
8097.06438104
8097.06438104
8079.62812674
8102.87646581
8085.44021151
8003.24072692
8003.24072692
8003.24072692
7955.08345311
7970.02881395
7955.08345311
8007.39221604
8126.95510271
8126.95510271
8126.95510271
8229.91203291
8185.90624823
8208.32428948
8329.5477718
8318.75390009
8318.75390009
8318.75390009
8366.08087607
8283.05109365
8274.74811541
8334.52955875
8301.31764578
8301.31764578
8301.31764578
8281.390498
8308.7903262
8326.22658051
8259.80275458
8301.31764578
8301.31764578
8301.31764578
8301.31764578
8234.89381985
8229.91203291
8235.72411768
8328.71747398
8328.71747398
8328.71747398
8395.97159773
8353.6264087
8346.15372829
8282.22079583
8246.51798939
8246.51798939
8246.51798939
8226.59084161
8205.83339601
8214.96667207
8229.08173508
8227.42113943
8227.42113943
8227.42113943
8232.40292638
8170.96088739
8147.71254832
8131.10659183
8175.94267434
8175.94267434
8175.94267434
8156.01552656
8222.43935249
8239.04530897
8192.54863082
8186.73654605
8186.73654605
8186.73654605
8165.97910045
8248.17858504
8193.37892864
8195.86982212
8229.91203291
8229.91203291
8229.91203291
8243.19679809
8297.16615666
8261.46335022
8169.30029174
8087.93110498
8087.93110498
8087.93110498
8066.34336155
7994.93774867
8060.53127678
7974.18030307
8003.24072692
8003.24072692
8003.24072692
8044.75561812
8084.60991368
8185.90624823
8176.77297216
8212.4757786
8212.4757786
8212.4757786
8212.4757786
8274.74811541
8244.02709592
8194.20922647
8206.66369383
8206.66369383
8206.66369383
8164.3185048
8125.29450706
8131.10659183
8202.51220471
8262.29364805
8262.29364805
8262.29364805
8257.3118611
8425.8623194
8420.05023463
8392.65040644
8380.19593908
8380.19593908
8380.19593908
8411.74725639
8260.6330524
8229.91203291
8229.91203291
8136.08837878
8136.08837878
8136.08837878
8119.4824223
8027.31936382
7968.3682183
8013.2043008
7907.75647714
7907.75647714
7907.75647714
7811.44192954
7741.69691231
7873.71426635
7770.75733615
7779.89061222
7779.89061222
7779.89061222
7859.59920334
7886.99903154
7928.51392274
7845.48414033
7794.83597306
7794.83597306
7794.83597306
7788.19359046
7872.0536707
7938.47749663
7909.41707279
8011.54370516
8011.54370516
8011.54370516
8021.50727905
8021.50727905
7941.79868793
7974.18030307
7830.53877949
7830.53877949
7830.53877949
7752.49078402
7728.41214712
7671.95189508
7733.39393407
7702.67291458
7702.67291458
7702.67291458
7766.60584703
7765.77554921
7788.19359046
7888.65962718
7877.86575547
7877.86575547
7877.86575547
7936.81690098
7882.01724459
7895.30200978
7895.30200978
7942.62898575
7942.62898575
7942.62898575
7888.65962718
7864.58099028
7882.84754241
7859.59920334
7892.8111163
7892.8111163
7892.8111163
7985.80447261
7976.67119654
7998.25893997
8059.70097896
8080.45842456
8080.45842456
8080.45842456
8088.7614028
8141.90046355
8168.46999392
8147.71254832
8129.44599618
8129.44599618
8129.44599618
8073.81604197
8123.63391142
8174.28207869
8183.41535475
8270.59662629
8270.59662629
8270.59662629
8270.59662629
8303.80853925
8260.6330524
8295.50556101
8342.00223917
8342.00223917
8342.00223917
8301.31764578
8202.51220471
8121.14301794
8136.08837878
8162.65790915
8162.65790915
8162.65790915
8194.20922647
8109.51884841
8039.77383118
8105.36735928
8072.15544632
8072.15544632
8072.15544632
8031.47085294
7990.78625955
8043.09502247
7962.55613353
7990.78625955
7990.78625955
7990.78625955
8000.74983344
8019.8466834
7958.40464441
7925.19273145
7950.10166617
7950.10166617
7950.10166617
7924.36243362
7957.57434659
7911.07766844
7863.75069246
7870.39307505
7870.39307505
7870.39307505
7857.10830987
7823.06609908
7753.32108185
7787.36329264
7734.22423189
7734.22423189
7734.22423189
7790.68448393
7840.50235338
7873.71426635
7835.52056644
7806.46014259
7806.46014259
7806.46014259
7806.46014259
7803.96924912
7790.68448393
7743.35750796
7749.99989055
7749.99989055
7749.99989055
7774.90882528
7843.82354468
7822.23580125
7876.20515982
7916.8897532
7916.8897532
7916.8897532
7930.17451839
7904.43528584
7828.87818385
7860.42950116
7868.7324794
7868.7324794
7868.7324794
7957.57434659
8012.37400298
8037.2829377
8010.71340733
7979.16209001
7979.16209001
7979.16209001
7916.8897532
7895.30200978
7823.8963969
7769.09674051
7712.63648846
7712.63648846
7712.63648846
7689.38814939
7738.37572101
7648.70355601
7631.2673017
7700.1820211
7700.1820211
7700.1820211
7602.20687785
7606.35836697
7594.73419744
7629.60670605
7629.60670605
7629.60670605
7629.60670605
7672.78219291
7781.55120787
7789.85418611
7862.92039463
7869.56277723
7869.56277723
7869.56277723
7828.04788602
7794.83597306
7826.38729037
7769.92703833
7697.69112763
7697.69112763
7697.69112763
7593.90389961
7602.20687785
7670.29129943
7699.35172328
7696.03053198
7696.03053198
7696.03053198
7731.73333842
7756.64227314
7810.61163171
7833.02967297
7777.39971875
7777.39971875
7777.39971875
7747.50899708
7772.4179318
7696.03053198
7684.40636244
7707.65470152
7707.65470152
7707.65470152
7742.52721013
7775.7391231
7820.5752056
7775.7391231
7725.92125365
7725.92125365
7725.92125365
7614.66134522
7575.63734748
7499.24994766
7539.93454104
7462.7168434
7462.7168434
7462.7168434
7462.7168434
7461.88654557
7527.48007368
7499.24994766
7573.97675183
7573.97675183
7573.97675183
7497.58935201
7544.91632799
7579.7888366
7554.87990188
7562.3525823
7562.3525823
7562.3525823
7575.63734748
7660.32772554
7618.81283434
7642.89147124
7642.89147124
7642.89147124
7642.89147124
7674.44278855
7710.14559499
7691.04874504
7683.57606462
7719.27887106
7719.27887106
7719.27887106
7672.78219291
7602.20687785
7583.1100279
7608.01896262
7578.12824095
7578.12824095
7578.12824095
7578.12824095
7585.60092137
7536.61334975
7551.55871058
7539.10424322
7539.10424322
7539.10424322
7518.34679762
7500.91054331
7497.58935201
7497.58935201
7521.66798891
7521.66798891
7521.66798891
7560.69198665
7632.92789735
7642.89147124
7653.68534295
7666.97010814
7666.97010814
7666.97010814
7590.58270832
7540.76483887
7376.36586969
7388.82033705
7390.4809327
7390.4809327
7390.4809327
7404.59599571
7368.06289145
7356.43872191
7374.70527404
7378.85676316
7378.85676316
7378.85676316
7301.63906551
7301.63906551
7364.74170015
7285.03310903
7232.72434611
7232.72434611
7232.72434611
7257.63328083
7217.77898528
7179.58528537
7176.26409407
7169.62171148
7169.62171148
7169.62171148
7201.17302879
7187.05796578
7164.63992453
7091.57371601
7102.36758772
7102.36758772
7102.36758772
7174.60349842
7131.42801156
7153.01575499
7181.24588101
7242.68792
7242.68792
7242.68792
7242.68792
7250.99089824
7276.73013079
7216.94868745
7115.65235291
7115.65235291
7115.65235291
7094.06460948
7095.72520513
7129.76741592
7147.20367022
7113.99175726
7113.99175726
7113.99175726
7069.98597258
7072.47686605
6981.97440322
6969.51993586
6967.02904238
6967.02904238
6967.02904238
6988.61678581
6940.45951201
6930.49593812
6975.33202063
7033.45286832
7033.45286832
7033.45286832
7073.30716387
6991.10767928
6952.08368155
6991.93797711
6977.8229141
6977.8229141
6977.8229141
6976.99261627
6910.56879034
6840.82377311
6793.49679714
6821.72692316
6821.72692316
6821.72692316
6810.93305145
6812.59364709
6743.67892769
6765.26667112
6711.29731255
6711.29731255
6711.29731255
6661.4794431
6654.83706051
6753.64250158
6796.81798844
6830.86019923
6830.86019923
6830.86019923
6795.15739279
6699.67314301
6649.85527356
6664.8006344
6724.58207773
6724.58207773
6724.58207773
6778.5514363
6777.72113848
6795.15739279
6913.05968382
7023.48929443
7023.48929443
7023.48929443
6961.21695762
6997.75006188
6950.4230859
6907.24759905
6939.62921419
6939.62921419
6939.62921419
6942.12010766
6995.25916841
7001.901551
7001.901551
7011.03482706
7011.03482706
7011.03482706
6971.18053151
6869.05389914
6888.98104692
6855.76913395
6840.82377311
6840.82377311
6840.82377311
6816.74513621
6699.67314301
6703.82463213
6699.67314301
6768.58786241
6768.58786241
6768.58786241
6773.56964936
6768.58786241
6830.86019923
6791.00590367
6769.41816024
6769.41816024
6769.41816024
6707.97612125
6693.86105824
6757.7939907
6823.38751881
6890.64164256
6890.64164256
6890.64164256
6890.64164256
6888.98104692
6888.98104692
6894.79313168
6901.43551428
6901.43551428
6901.43551428
6901.43551428
6789.34530802
6755.30309723
6683.06718653
6588.41323458
6588.41323458
6588.41323458
6514.51672823
6488.77749568
6442.28081753
6461.37766748
6440.62022188
6440.62022188
6440.62022188
6407.40830891
6468.02005007
6528.63179124
6465.5291566
6450.58379577
6450.58379577
6450.58379577
6399.10533067
6406.57801109
6413.22039368
6337.66329168
6344.30567428
6344.30567428
6344.30567428
6413.22039368
6392.46294808
6428.99605234
6438.12932841
6400.76592632
6400.76592632
6400.76592632
6381.66907636
6467.18975225
6498.74106957
6458.05647618
6443.11111535
6443.11111535
6443.11111535
6429.82635016
6353.43895034
6324.3785265
6254.63350927
6249.65172232
6249.65172232
6249.65172232
6249.65172232
6221.4215963
6219.76100066
6234.70636149
6278.71214617
6278.71214617
6278.71214617
6213.94891589
6161.64015297
6171.60372686
6198.17325723
6204.81563982
6204.81563982
6204.81563982
6166.62193991
6200.6641507
6234.70636149
6227.23368107
6298.63929395
6298.63929395
6298.63929395
6309.43316566
6331.85120692
6298.63929395
6333.51180256
6382.49937419
6382.49937419
6382.49937419
6424.84456322
6333.51180256
6289.50601788
6281.20303964
6281.20303964
6281.20303964
6281.20303964
6253.80321145
6300.2998896
6325.20882432
6306.94227219
6288.67572006
6288.67572006
6288.67572006
6235.53665931
6272.06976358
6336.00269604
6342.64507863
6389.97205461
6389.97205461
6389.97205461
6424.01426539
6394.95384155
6362.57222641
6436.46873276
6601.69799976
6601.69799976
6601.69799976
6726.24267338
6669.78242134
6708.80641908
6763.60607547
6748.66071463
6748.66071463
6748.66071463
6859.09032525
6921.36266206
6948.76249025
6865.73270784
6952.08368155
6952.08368155
6952.08368155
7010.20452924
6976.16231845
6881.5083665
6844.97526224
6883.99925997
6883.99925997
6883.99925997
6846.63585788
6825.87841228
6826.7087101
6926.344449
6980.31380757
6980.31380757
6980.31380757
7030.96197484
7093.23431165
7127.27652244
7065.00418563
7031.79227267
7031.79227267
7031.79227267
7102.36758772
7018.50750748
6957.06546849
6936.30802289
6905.5870034
6905.5870034
6905.5870034
6905.5870034
6926.344449
6979.48350975
6980.31380757
7036.77405961
7036.77405961
7036.77405961
7172.11260495
7194.5306462
7156.33694629
7157.99754194
7133.91890504
7133.91890504
7133.91890504
7113.16145943
7114.82205508
7095.72520513
7010.20452924
6948.76249025
6948.76249025
6948.76249025
6962.87755326
6891.47194039
6849.12675136
6872.37509043
6833.3510927
6833.3510927
6833.3510927
6744.50922551
6786.02411672
6807.61186015
6821.72692316
6799.30888191
6799.30888191
6799.30888191
6749.49101246
6749.49101246
6690.53986694
6702.16403648
6746.16982116
6746.16982116
6746.16982116
6781.8726276
6819.23602969
6849.12675136
6848.29645353
6972.84112715
6972.84112715
6972.84112715
6967.02904238
6883.16896215
6980.31380757
6962.87755326
6919.70206641
6919.70206641
6919.70206641
6904.75670557
6971.18053151
7034.28316614
7062.51329216
7109.84026814
7109.84026814
7109.84026814
7159.65813759
7146.3733724
7335.6812763
7363.91140232
7376.36586969
7376.36586969
7376.36586969
7348.96604149
7383.00825228
7402.93540006
7352.28723279
7397.12331529
7397.12331529
7397.12331529
7374.70527404
7365.57199797
7427.84433478
7473.51071511
7446.11088692
7446.11088692
7446.11088692
7380.51735881
7409.57778265
7447.77148256
7451.09267386
7435.3170152
7435.3170152
7435.3170152
7347.30544584
7308.28144811
7312.43293723
7280.05132209
7300.80876769
7300.80876769
7300.80876769
7300.80876769
7361.42050885
7437.80790867
7420.37165437
7536.61334975
7536.61334975
7536.61334975
7536.61334975
7525.81947803
7469.35922599
7364.74170015
7294.99668292
7294.99668292
7294.99668292
7225.25166569
7153.84605282
7117.31294855
7149.6945637
7160.48843541
7160.48843541
7160.48843541
7160.48843541
7208.64570921
7142.22188328
7151.35515934
7188.71856143
7188.71856143
7188.71856143
7235.21523958
7206.15481574
7255.97268519
7277.56042861
7306.62085246
7306.62085246
7306.62085246
7416.22016525
7402.93540006
7484.30458683
7445.28058909
7448.60178039
7448.60178039
7448.60178039
7266.7665569
7192.87005055
7138.07039416
7027.64078355
6957.89576632
6957.89576632
6957.89576632
6972.01082933
6913.05968382
6893.13253604
6817.57543404
6693.03076042
6693.03076042
6693.03076042
6741.18803422
6580.11025633
6873.20538826
6782.70292542
6834.18139052
6834.18139052
6834.18139052
6766.09696894
6643.21289097
6705.48522778
6674.76420829
6701.33373866
6701.33373866
6701.33373866
6575.95876721
6520.328813
6522.81970647
6594.22531934
6623.28574319
6623.28574319
6623.28574319
6688.8792713
6676.42480393
6700.50344083
6700.50344083
6726.24267338
6726.24267338
6726.24267338
6756.96369288
6676.42480393
6560.18310855
6634.0796149
6737.86684292
6737.86684292
6737.86684292
6698.84284519
6812.59364709
6824.21781663
6776.06054283
6741.18803422
6741.18803422
6741.18803422
6789.34530802
6766.09696894
6724.58207773
6746.16982116
6687.21867565
6687.21867565
6687.21867565
6538.59536513
6558.52251291
6590.07383022
6599.20710629
6712.9579082
6712.9579082
6712.9579082
6712.9579082
6775.23024501
6713.78820602
6691.37016477
6683.89748435
6683.89748435
6683.89748435
6683.89748435
6737.0365451
6786.85441455
6859.09032525
6897.28402516
6897.28402516
6897.28402516
6875.69628173
6903.09610993
6849.12675136
6875.69628173
6943.78070331
6943.78070331
6943.78070331
7046.7376335
6937.96861854
6926.344449
6967.02904238
6953.7442772
6953.7442772
6953.7442772
6962.04725544
7031.79227267
7027.64078355
7095.72520513
7138.90069198
7138.90069198
7138.90069198
7105.68877902
7072.47686605
6967.85934021
6981.97440322
6929.6656403
6929.6656403
6929.6656403
6840.82377311
6832.52079487
6775.23024501
6799.30888191
6826.7087101
6826.7087101
6826.7087101
6848.29645353
6893.13253604
6889.81134474
6883.99925997
6866.56300566
6866.56300566
6866.56300566
6866.56300566
6929.6656403
6929.6656403
6879.84777085
6835.84198617
6835.84198617
6835.84198617
6817.57543404
6700.50344083
6715.44880167
6773.56964936
6773.56964936
6773.56964936
6773.56964936
6869.88419696
6863.24181437
6927.17474683
7015.18631618
6998.5803597
6998.5803597
6998.5803597
7013.52572054
7031.79227267
7019.33780531
7032.62257049
7080.77984429
7080.77984429
7080.77984429
7120.63413985
7060.02239869
7122.2947355
7151.35515934
7138.90069198
7138.90069198
7138.90069198
7097.38580077
7235.21523958
7192.87005055
7197.02153967
7158.82783976
7158.82783976
7158.82783976
7101.5372899
7209.47600703
7221.9304744
7286.69370468
7270.91804602
7270.91804602
7270.91804602
7254.31208954
7295.82698075
7237.70613306
7227.74255917
7227.74255917
7227.74255917
7227.74255917
7144.71277675
7123.12503332
7143.0521811
7101.5372899
7114.82205508
7114.82205508
7114.82205508
7141.39158545
7197.8518375
7202.83362444
7148.03396805
7112.33116161
7112.33116161
7112.33116161
7098.2160986
7103.19788554
7103.19788554
7120.63413985
7036.77405961
7036.77405961
7036.77405961
6919.70206641
6932.15653377
6962.87755326
6882.33866432
6896.45372733
6896.45372733
6896.45372733
6849.95704918
6857.4297296
6879.01747303
6998.5803597
6990.27738146
6990.27738146
6990.27738146
6994.42887058
7019.33780531
6952.91397937
6955.40487285
6943.78070331
6943.78070331
6943.78070331
6943.78070331
6913.05968382
6826.7087101
6827.53900793
6818.40573186
6818.40573186
6818.40573186
6818.40573186
6902.2658121
6937.13832072
6948.76249025
6934.64742724
6934.64742724
6934.64742724
6954.57457502
7018.50750748
6992.76827493
6993.59857276
7001.901551
7001.901551
7001.901551
6969.51993586
6969.51993586
6972.84112715
7005.2227423
7050.0588248
7050.0588248
7050.0588248
7010.20452924
6955.40487285
6978.65321192
6999.41065753
6990.27738146
6990.27738146
6990.27738146
6924.68385335
6937.96861854
6937.96861854
6939.62921419
7025.9801879
7025.9801879
7025.9801879
7081.61014212
7060.02239869
7006.88333794
6948.76249025
6920.53236423
6920.53236423
6920.53236423
6932.15653377
6879.01747303
6879.84777085
6869.05389914
6875.69628173
6875.69628173
6875.69628173
6854.1085383
6889.81134474
6970.35023368
6972.84112715
6972.84112715
6972.84112715
6972.84112715
6963.70785109
7027.64078355
7060.02239869
7040.09525091
7025.9801879
7025.9801879
7025.9801879
7045.90733568
7138.90069198
7166.30052018
7126.44622462
7199.51243314
7199.51243314
7199.51243314
7267.59685472
7279.22102426
7354.77812626
7339.83276542
7334.85097848
7334.85097848
7334.85097848
7360.59021103
7356.43872191
7354.77812626
7309.94204376
7308.28144811
7308.28144811
7308.28144811
7351.45693496
7344.81455237
7347.30544584
7337.34187195
7369.72348709
7369.72348709
7369.72348709
7369.72348709
7245.17881347
7191.2094549
7201.17302879
7258.46357866
7258.46357866
7258.46357866
7280.88161991
7221.10017657
7231.06375046
7229.40315481
7299.14817204
7299.14817204
7299.14817204
7317.41472417
7258.46357866
7277.56042861
7420.37165437
7422.03225001
7422.03225001
7422.03225001
7354.77812626
7358.09931756
7359.7599132
7368.89318927
7294.99668292
7294.99668292
7294.99668292
7247.66970694
7350.62663714
7349.79633931
7390.4809327
7452.75326951
7452.75326951
7452.75326951
7339.83276542
7120.63413985
7051.71942045
7012.69542271
6965.36844674
6965.36844674
6965.36844674
6900.60521645
6887.32045127
6897.28402516
6892.30223821
6764.43637329
6764.43637329
6764.43637329
6717.93969514
6698.84284519
6712.12761037
6712.9579082
6719.60029079
6719.60029079
6719.60029079
6713.78820602
6839.99347529
6772.73935154
6809.2724558
6799.30888191
6799.30888191
6799.30888191
6747.00011899
6696.35195171
6614.98276495
6622.45544537
6696.35195171
6696.35195171
6696.35195171
6824.21781663
6759.45458635
6780.21203195
6819.23602969
6772.73935154
6772.73935154
6772.73935154
6769.41816024
6718.76999297
6703.82463213
6703.82463213
6740.35773639
6740.35773639
6740.35773639
6881.5083665
6857.4297296
6895.62342951
6905.5870034
6828.36930575
6828.36930575
6828.36930575
6805.12096668
6849.12675136
6878.1871752
6933.81712942
6918.04147076
6918.04147076
6918.04147076
6923.85355553
6922.19295988
6938.79891636
6942.12010766
6997.75006188
6997.75006188
6997.75006188
7012.69542271
6963.70785109
6965.36844674
7001.901551
6965.36844674
6965.36844674
6965.36844674
6967.85934021
6967.85934021
6958.72606414
6975.33202063
6965.36844674
6965.36844674
6965.36844674
6963.70785109
6963.70785109
6846.63585788
6810.93305145
6881.5083665
6881.5083665
6881.5083665
6908.07789687
7071.64656823
7058.36180304
7131.42801156
7128.10682027
7128.10682027
7128.10682027
7170.4520093
7211.96690051
7183.73677449
7183.73677449
7200.34273097
7200.34273097
7200.34273097
7246.83940912
7286.69370468
7286.69370468
7305.79055463
7274.23923732
7274.23923732
7274.23923732
7294.1663851
7260.12417431
7322.39651112
7272.57864167
7319.07531982
7319.07531982
7319.07531982
7265.93625908
7278.39072644
7321.56621329
7352.28723279
7436.97761085
7436.97761085
7436.97761085
7386.32944358
7463.54714122
7504.23173461
7421.20195219
7347.30544584
7347.30544584
7347.30544584
7347.30544584
7273.40893949
7363.91140232
7211.13660268
7213.62749615
7213.62749615
7213.62749615
7138.90069198
7176.26409407
7099.87669425
7094.06460948
7166.30052018
7166.30052018
7166.30052018
7094.06460948
7111.50086379
7048.39822915
6875.69628173
6813.42394492
6813.42394492
6813.42394492
6799.30888191
6862.41151654
6804.29066885
6722.09118426
6739.52743857
6739.52743857
6739.52743857
6548.55893902
6655.66735833
6649.85527356
6551.88013031
6519.49851517
6519.49851517
6519.49851517
6355.09954599
6375.02669377
6327.69971779
6309.43316566
6457.22617836
6457.22617836
6457.22617836
6524.48030212
6513.6864304
6541.0862586
6510.36523911
6510.36523911
6510.36523911
6510.36523911
6379.17818289
6434.80813711
6525.31059994
6571.80727809
6572.63757592
6572.63757592
6572.63757592
6517.0076217
6504.55315434
6404.08711762
6384.15996984
6338.49358951
6338.49358951
6338.49358951
6302.79078307
6558.52251291
6553.54072596
6618.30395624
6672.27331481
6672.27331481
6672.27331481
6688.04897347
6734.54565162
6784.36352107
6715.44880167
6732.88505598
6732.88505598
6732.88505598
6777.72113848
6775.23024501
6819.23602969
6768.58786241
6690.53986694
6690.53986694
6690.53986694
6685.55808
6782.70292542
6805.12096668
6829.19960358
6865.73270784
6865.73270784
6865.73270784
6898.9446208
6912.22938599
6900.60521645
6998.5803597
7091.57371601
7091.57371601
7091.57371601
7091.57371601
7122.2947355
7143.0521811
7026.81048572
7065.00418563
7065.00418563
7065.00418563
7035.94376179
7006.05304012
7123.95533115
7129.76741592
7153.01575499
7153.01575499
7153.01575499
7146.3733724
7172.94290277
7246.0091113
7245.17881347
7276.73013079
7276.73013079
7276.73013079
7287.5240025
7300.80876769
7322.39651112
7231.06375046
7221.10017657
7221.10017657
7221.10017657
7255.14238736
7284.20281121
7368.89318927
7335.6812763
7321.56621329
7321.56621329
7321.56621329
7206.15481574
7242.68792
7273.40893949
7380.51735881
7380.51735881
7380.51735881
7380.51735881
7457.73505645
7451.09267386
7450.26237604
7355.60842408
7365.57199797
7365.57199797
7365.57199797
7519.17709544
7485.13488465
7509.21352155
7598.05538873
7671.12159726
7671.12159726
7671.12159726
7710.97589282
7699.35172328
7710.14559499
7689.38814939
7622.96432346
7622.96432346
7622.96432346
7683.57606462
7737.54542319
7773.24822963
7765.77554921
7734.22423189
7734.22423189
7734.22423189
7730.9030406
7720.10916888
7789.85418611
7895.30200978
7926.85332709
7926.85332709
7926.85332709
8004.90132256
7907.75647714
7881.18694677
7992.4468552
8026.48906599
8026.48906599
8026.48906599
7876.20515982
7803.1389513
7848.80533162
7929.34422057
7955.91375094
7955.91375094
7955.91375094
7939.30779446
7916.05945538
7830.53877949
7725.09095583
7743.35750796
7743.35750796
7743.35750796
7743.35750796
7811.44192954
7914.39885973
7877.86575547
7813.10252519
7813.10252519
7813.10252519
7710.14559499
7760.79376227
7792.34507958
7815.59341866
7775.7391231
7775.7391231
7775.7391231
7784.87239917
7853.78711857
7981.65298349
7941.79868793
8001.58013127
8001.58013127
8001.58013127
8092.0825941
7987.46506826
8010.71340733
7937.64719881
7805.62984477
7805.62984477
7805.62984477
7654.51564077
7741.69691231
7799.81776
7823.06609908
7893.64141413
7893.64141413
7893.64141413
8018.18608775
7976.67119654
8004.07102474
7962.55613353
7893.64141413
7893.64141413
7893.64141413
7970.02881395
7989.1256639
8073.81604197
7960.06524006
7938.47749663
7938.47749663
7938.47749663
7977.50149437
7924.36243362
7930.17451839
7800.64805782
7834.69026861
7834.69026861
7834.69026861
7735.88482754
7743.35750796
7715.12738194
7620.47342999
7676.1033842
7676.1033842
7676.1033842
7781.55120787
7781.55120787
7914.39885973
7766.60584703
7741.69691231
7741.69691231
7741.69691231
7753.32108185
7838.01145991
8011.54370516
8156.84582438
8189.22743952
8189.22743952
8189.22743952
8189.22743952
8286.37228495
8228.25143726
8304.63883708
8219.11816119
8219.11816119
8219.11816119
8126.95510271
8159.33671785
8217.45756554
8217.45756554
8247.34828721
8247.34828721
8247.34828721
8049.73740507
8090.42199845
8072.98574414
8058.04038331
7939.30779446
7939.30779446
7939.30779446
7752.49078402
7754.9816775
7607.1886648
7543.25573234
7615.49164304
7615.49164304
7615.49164304
7568.99496489
7622.96432346
7709.31529717
7723.43036018
7781.55120787
7781.55120787
7781.55120787
7960.89553788
7956.74404876
7995.7680465
7995.7680465
8023.99817252
8023.99817252
8023.99817252
7975.84089872
7987.46506826
8004.07102474
8004.07102474
8077.13723326
8077.13723326
8077.13723326
8242.36650027
8342.00223917
8144.39135702
8018.18608775
8043.09502247
8043.09502247
8043.09502247
8043.9253203
8013.2043008
8024.82847034
8053.88889419
8081.28872238
8081.28872238
8081.28872238
8062.19187243
7893.64141413
7857.10830987
7808.12073824
7806.46014259
7806.46014259
7806.46014259
7795.66627088
7883.67784024
7826.38729037
7878.69605329
7865.41128811
7865.41128811
7865.41128811
7740.86661449
7816.42371648
7821.40550343
7861.25979899
7906.92617931
7906.92617931
7906.92617931
7864.58099028
7876.20515982
7825.55699255
7776.56942092
7735.05452972
7735.05452972
7735.05452972
7735.05452972
7802.30865347
7863.75069246
7749.99989055
7772.4179318
7772.4179318
7772.4179318
7847.9750338
7855.44771422
7924.36243362
8027.31936382
8092.0825941
8092.0825941
8092.0825941
8120.31272012
8020.67698122
8065.51306373
8009.05281168
8009.05281168
8009.05281168
8009.05281168
8107.02795493
8076.30693544
8034.79204423
8218.28786337
8185.0759504
8185.0759504
8185.0759504
8326.22658051
8240.70590462
8253.99066981
8191.718333
8243.19679809
8243.19679809
8243.19679809
8337.85075004
8270.59662629
8429.1835107
8351.13551523
8259.80275458
8259.80275458
8259.80275458
8238.21501115
8335.35985657
8420.05023463
8377.7050456
8361.92938694
8361.92938694
8361.92938694
8254.82096763
8244.02709592
8248.17858504
8293.01466754
8305.4691349
8305.4691349
8305.4691349
8246.51798939
8212.4757786
8317.09330444
8349.47491958
8349.47491958
8349.47491958
8349.47491958
8434.99559547
8351.96581306
8361.09908912
8388.49891732
8471.52869973
8471.52869973
8471.52869973
8502.24971923
8443.29857371
8338.68104787
8284.7116893
8266.44513717
8266.44513717
8266.44513717
8129.44599618
8073.81604197
8081.28872238
8123.63391142
8107.02795493
8107.02795493
8107.02795493
7999.08923779
8060.53127678
8035.62234206
8079.62812674
8186.73654605
8186.73654605
8186.73654605
8185.0759504
8136.9186766
8111.17944405
8108.68855058
8068.0039572
8068.0039572
8068.0039572
8068.0039572
8170.13058957
8245.68769156
8255.65126545
8234.89381985
8234.89381985
8234.89381985
8286.37228495
8199.19101341
8217.45756554
8192.54863082
8251.49977633
8251.49977633
8251.49977633
8266.44513717
8256.48156328
8252.33007416
8364.42028042
8355.28700435
8355.28700435
8355.28700435
8402.61398033
8330.37806963
8357.77789782
8263.12394587
8271.42692411
8271.42692411
8271.42692411
8254.82096763
8358.60819565
8297.16615666
8276.40871106
8244.02709592
8244.02709592
8244.02709592
8175.11237651
8111.17944405
8034.79204423
7964.21672918
7964.21672918
7964.21672918
7964.21672918
7882.01724459
7922.70183797
7916.8897532
7962.55613353
7935.15630534
7935.15630534
7935.15630534
7923.5321358
7873.71426635
7922.70183797
7933.49570969
7961.72583571
7961.72583571
7961.72583571
7808.95103607
7759.13316662
7677.76397985
7710.14559499
7777.39971875
7777.39971875
7777.39971875
7853.78711857
7799.81776
7783.21180352
7847.14473598
7906.92617931
7906.92617931
7906.92617931
7857.10830987
7854.61741639
7917.72005103
7911.90796626
7825.55699255
7825.55699255
7825.55699255
7835.52056644
7882.01724459
7847.9750338
7840.50235338
7779.0603144
7779.0603144
7779.0603144
7695.20023416
7675.27308638
7692.70934069
7708.48499934
7643.72176906
7643.72176906
7643.72176906
7473.51071511
7487.62577812
7466.86833252
7382.17795446
7407.917187
7407.917187
7407.917187
7319.07531982
7329.03889371
7341.49336107
7198.68213532
7154.67635064
7154.67635064
7154.67635064
7154.67635064
7066.66478128
7089.91312036
7160.48843541
7246.83940912
7246.83940912
7246.83940912
7192.03975273
7126.44622462
7070.8162704
6975.33202063
6942.95040548
6942.95040548
6942.95040548
7029.3013792
7021.82869878
6981.97440322
6933.81712942
6841.65407094
6841.65407094
6841.65407094
6996.08946623
7040.09525091
7057.53150522
7076.62835517
7146.3733724
7146.3733724
7146.3733724
7139.73098981
7109.84026814
7212.79719833
7290.8451938
7248.50000477
7248.50000477
7248.50000477
7219.43958092
7187.05796578
7063.34358999
7109.84026814
7071.64656823
7071.64656823
7071.64656823
7033.45286832
7073.30716387
7065.83448346
7043.41644221
6957.89576632
6957.89576632
6957.89576632
6899.77491863
6961.21695762
6954.57457502
6916.38087511
7078.28895082
7078.28895082
7078.28895082
7197.02153967
7212.79719833
7197.02153967
7133.08860721
7078.28895082
7078.28895082
7078.28895082
7100.70699207
7090.74341818
7116.48265073
7144.71277675
7106.51907684
7106.51907684
7106.51907684
7016.01661401
7059.19210086
7008.54393359
7014.35601836
7081.61014212
7081.61014212
7081.61014212
7072.47686605
7225.25166569
7290.8451938
7290.8451938
7355.60842408
7355.60842408
7355.60842408
7381.34765663
7391.31123052
7328.20859589
7338.17216978
7412.06867613
7412.06867613
7412.06867613
7364.74170015
7321.56621329
7374.70527404
7406.25659136
7360.59021103
7360.59021103
7360.59021103
7236.04553741
7273.40893949
7212.79719833
7227.74255917
7271.74834385
7271.74834385
7271.74834385
7249.33030259
7240.19702653
7221.10017657
7251.82119607
7251.82119607
7251.82119607
7251.82119607
7226.08196352
7209.47600703
7249.33030259
7265.10596125
7265.10596125
7265.10596125
7265.10596125
7327.37829806
7184.56707231
7148.86426587
7155.50664846
7194.5306462
7194.5306462
7194.5306462
7061.68299434
7038.43465526
6966.19874456
6993.59857276
7037.60435744
7037.60435744
7037.60435744
7099.87669425
7035.94376179
7023.48929443
7043.41644221
7016.01661401
7016.01661401
7016.01661401
6997.75006188
6986.95619016
6996.91976405
7176.26409407
7232.72434611
7232.72434611
7232.72434611
7071.64656823
7078.28895082
7016.01661401
7032.62257049
7065.83448346
7065.83448346
7065.83448346
6919.70206641
6896.45372733
6947.10189461
6930.49593812
6923.0232577
6923.0232577
6923.0232577
6923.0232577
6902.2658121
6871.54479261
6883.16896215
6844.14496441
6844.14496441
6844.14496441
6736.20624727
6750.32131028
6864.90241001
6856.59943177
6844.97526224
6844.97526224
6844.97526224
6878.1871752
6856.59943177
6768.58786241
6704.65492996
6703.82463213
6703.82463213
6703.82463213
6605.01919106
6673.93391046
6683.06718653
6688.8792713
6620.79484972
6620.79484972
6620.79484972
6650.68557139
6628.26753013
6607.51008453
6686.38837782
6689.70956912
6689.70956912
6689.70956912
6804.29066885
6864.07211219
6835.84198617
6871.54479261
6791.00590367
6791.00590367
6791.00590367
6839.99347529
6845.80556006
6831.69049705
6918.04147076
6962.87755326
6962.87755326
6962.87755326
6935.47772507
6968.68963803
6947.93219243
6998.5803597
6998.5803597
6998.5803597
6998.5803597
6985.29559452
6982.80470104
6958.72606414
6971.18053151
7002.73184882
7002.73184882
7002.73184882
7025.14989007
6979.48350975
7002.73184882
7083.27073776
7158.82783976
7158.82783976
7158.82783976
7187.05796578
7119.80384203
7079.11924864
7015.18631618
7044.24674003
7044.24674003
7044.24674003
7049.22852697
7094.8949073
7094.8949073
7167.130818
7216.94868745
7216.94868745
7216.94868745
7148.03396805
7189.54885925
7188.71856143
7133.08860721
7122.2947355
7122.2947355
7122.2947355
7018.50750748
6981.14410539
6940.45951201
6912.22938599
6940.45951201
6940.45951201
6940.45951201
6944.61100113
6929.6656403
6881.5083665
6849.95704918
6804.29066885
6804.29066885
6804.29066885
6804.29066885
6766.92726677
6782.70292542
6779.38173413
6683.89748435
6683.89748435
6683.89748435
6675.59450611
6660.64914528
6605.84948888
6631.58872143
6722.92148209
6722.92148209
6722.92148209
6657.32795398
6653.17646486
6616.6433606
6571.80727809
6547.72864119
6547.72864119
6547.72864119
6559.35281073
6639.89169967
6751.98190593
6728.73356686
6668.12182569
6668.12182569
6668.12182569
6741.18803422
6743.67892769
6741.18803422
6669.78242134
6617.47365842
6617.47365842
6617.47365842
6617.47365842
6633.24931708
6639.89169967
6683.89748435
6759.45458635
6759.45458635
6759.45458635
6849.12675136
6843.31466659
6878.1871752
6869.05389914
6880.67806867
6880.67806867
6880.67806867
6859.09032525
6919.70206641
6909.73849252
6908.07789687
6896.45372733
6896.45372733
6896.45372733
6853.27824048
6831.69049705
6740.35773639
6743.67892769
6713.78820602
6713.78820602
6713.78820602
6825.87841228
6778.5514363
6671.44301699
6607.51008453
6512.02583475
6512.02583475
6512.02583475
6478.81392179
6470.51094355
6453.07468924
6450.58379577
6542.74685425
6542.74685425
6542.74685425
6579.27995851
6901.43551428
6886.49015344
6962.87755326
7217.77898528
7217.77898528
7217.77898528
7399.61420876
7264.27566343
7347.30544584
7409.57778265
7335.6812763
7335.6812763
7335.6812763
7417.05046307
7483.474289
7431.16552608
7550.72841276
7681.08517115
7681.08517115
7681.08517115
7681.08517115
7591.41300614
7603.8674735
7576.46764531
7529.14066933
7529.14066933
7529.14066933
7627.9461104
7663.64891684
7725.92125365
7703.5032124
7613.00074957
7613.00074957
7613.00074957
7608.01896262
7761.62406009
7701.84261675
7686.89725592
7634.588493
7634.588493
7634.588493
7646.21266253
7632.92789735
7524.98918021
7441.95939779
7536.61334975
7536.61334975
7536.61334975
7502.57113896
7532.46186063
7840.50235338
8020.67698122
8193.37892864
8193.37892864
8193.37892864
8409.25636292
8333.69926092
8428.35321288
8277.23900888
8245.68769156
8245.68769156
8245.68769156
8462.39542367
8417.55934116
8586.10979946
8610.18843636
8564.52205604
8564.52205604
8564.52205604
8262.29364805
8353.6264087
8355.28700435
8228.25143726
8234.06352203
8234.06352203
8234.06352203
8350.30521741
8486.47406057
8846.82331624
8719.78774915
8733.07251434
8733.07251434
8733.07251434
8613.50962766
8803.64782939
8672.46077317
8757.15115124
8634.26707326
8634.26707326
8634.26707326
8480.6619758
8369.40206736
8531.31014307
8569.50384298
8479.83167797
8479.83167797
8479.83167797
8302.97824143
8228.25143726
8302.97824143
8302.97824143
8364.42028042
8364.42028042
8364.42028042
8326.22658051
8629.28528632
8561.20086474
8577.80682122
8563.69175821
8563.69175821
8563.69175821
8765.45412948
8775.41770337
8694.0485166
8535.46163219
8459.07423237
8459.07423237
8459.07423237
8504.7406127
8381.0262369
8241.53620244
8222.43935249
8398.46249121
8398.46249121
8398.46249121
8340.34164352
8554.55848215
8593.58247988
8677.44256012
8677.44256012
8677.44256012
8677.44256012
8888.33820745
8792.02365985
8797.83574462
8696.53941007
8689.06672966
8689.06672966
8689.06672966
8527.15865395
8685.74553836
8675.78196447
8891.65939875
8934.8348856
8934.8348856
8934.8348856
9069.34313311
8998.76781806
8997.10722241
8917.3986313
8973.85888334
8973.85888334
8973.85888334
9007.0707963
8964.72560727
8868.41105967
8890.82910092
8743.03608823
8743.03608823
8743.03608823
8553.72818432
8651.70332757
8618.49141461
8831.87795541
8841.01123148
8841.01123148
8841.01123148
8931.51369431
8799.49634027
8822.74467934
8840.18093365
8949.78024644
8949.78024644
8949.78024644
9026.16764626
8928.19250301
8862.5989749
9031.97973103
9021.18585931
9021.18585931
9021.18585931
9109.19742867
9075.98551571
9028.65853973
9041.11300709
9073.49462224
9073.49462224
9073.49462224
9073.49462224
8970.53769204
9107.53683303
9314.28099124
9306.80831082
9306.80831082
9306.80831082
9237.89359142
9388.17749759
9424.71060185
9449.61953657
9473.69817347
9473.69817347
9473.69817347
9479.51025824
9297.67503475
9403.95315624
9306.80831082
9280.23878045
9280.23878045
9280.23878045
9253.66925007
9336.69903249
9266.12371744
9274.42669568
9280.23878045
9280.23878045
9280.23878045
9343.34141508
9324.24456513
9472.86787565
9514.38276686
9466.22549306
9466.22549306
9466.22549306
9409.76524101
9392.32898671
9492.79502343
9382.36541282
9382.36541282
9382.36541282
9382.36541282
9362.43826504
9300.99622605
9245.36627183
9280.23878045
9338.35962814
9338.35962814
9338.35962814
9480.34055607
9509.40097991
9603.22463404
9675.46054474
9725.27841419
9725.27841419
9725.27841419
9824.08385526
9751.84794456
9892.99857466
9866.42904429
9932.85287022
9932.85287022
9932.85287022
9857.29576823
10042.452183
10033.3189069
10125.4819654
10181.1119196
10181.1119196
10181.1119196
9999.27669615
10029.9977156
10069.0217134
10127.1425611
10234.2509804
10234.2509804
10234.2509804
10197.7178761
10210.1723435
10127.1425611
10083.1367764
10119.6698807
10119.6698807
10119.6698807
9988.48282444
10011.7311635
9993.46461139
9892.16827684
9880.5441073
9880.5441073
9880.5441073
9968.55567666
10121.3304763
10204.3602587
10158.6938784
10097.2518394
10097.2518394
10097.2518394
10097.2518394
9963.57388972
9981.84044185
10058.2278417
10071.5126069
10071.5126069
10071.5126069
10081.4761807
9921.22870069
9843.18070522
9872.24112906
9931.19227458
9931.19227458
9931.19227458
10133.7849437
10190.2451957
10273.2749781
10364.6077388
10313.9595715
10313.9595715
10313.9595715
10289.0506368
10357.1350584
10343.0199954
10310.6383802
10309.8080824
10309.8080824
10309.8080824
10208.5117478
10039.9612895
10078.1549894
10146.239411
10173.6392392
10173.6392392
10173.6392392
10173.6392392
10034.1492048
10135.4455393
10049.9248634
10023.3553331
10023.3553331
10023.3553331
10092.2700525
9951.11942235
9945.30733759
9999.27669615
9899.64095726
9899.64095726
9899.64095726
9879.71380948
9939.49525282
10195.2269827
10207.68145
10222.6268108
10222.6268108
10222.6268108
10236.7418739
10326.4140389
10216.8147261
10098.9124351
9956.93150712
9956.93150712
9956.93150712
9915.41661592
9863.93815082
9945.30733759
9823.25355744
9824.91415308
9824.91415308
9824.91415308
9657.19399261
9700.36947946
9764.30241192
9751.01764674
9820.76266396
9820.76266396
9820.76266396
9909.60453115
9884.69559642
10017.5432483
9901.30155291
9915.41661592
9915.41661592
9915.41661592
9990.14342009
9904.6227442
9833.21713133
9839.85951392
9897.98036161
9897.98036161
9897.98036161
9914.58631809
9930.36197675
10098.0821372
10020.0341418
10092.2700525
10092.2700525
10092.2700525
10092.2700525
10284.8991477
10329.7352302
10346.3411866
10293.2021259
10293.2021259
10293.2021259
10205.1905565
10163.6756653
10208.5117478
10088.1185633
10176.9604305
10176.9604305
10176.9604305
10245.0448521
10372.0804192
10323.0928476
10440.9951386
10425.2194799
10425.2194799
10425.2194799
10468.3949668
10362.1168453
10312.2989759
10296.5233172
10238.4024695
10238.4024695
10238.4024695
10223.4571087
10268.2931912
10380.3833974
10534.8187927
10563.0489187
10563.0489187
10563.0489187
10666.8361468
10504.0977732
10459.2616907
10473.3767537
10490.813008
10490.813008
10490.813008
10533.9884949
10385.3651844
10352.1532714
10391.1772692
10369.5895257
10369.5895257
10369.5895257
10370.4198235
10398.6499496
10327.2443367
10313.1292737
10158.6938784
10158.6938784
10158.6938784
10172.8089414
10206.8511522
10273.2749781
10188.5846001
10115.5183915
10115.5183915
10115.5183915
10086.4579677
10087.2882655
10233.4206826
10261.6508086
10380.3833974
10380.3833974
10380.3833974
10412.7650126
10362.1168453
10389.5166735
10417.7467995
10387.02578
10387.02578
10387.02578
10534.8187927
10592.9396404
10591.2790448
10591.2790448
10606.2244056
10606.2244056
10606.2244056
10543.121771
10687.5935924
10594.6002361
10587.1275556
10504.9280711
10504.9280711
10504.9280711
10548.9338557
10538.9702818
10576.3336839
10477.5282429
10462.582882
10462.582882
10462.582882
10475.0373494
10427.7103734
10351.3229736
10269.123489
10313.9595715
10313.9595715
10313.9595715
10333.8867193
10312.2989759
10420.237693
10409.4438213
10382.8742909
10382.8742909
10382.8742909
10382.8742909
10492.4736037
10488.3221146
10463.4131799
10450.1284147
10450.1284147
10450.1284147
10450.1284147
10401.140843
10536.4793884
10646.0787012
10682.6118054
10682.6118054
10682.6118054
10679.2906141
10615.3576817
10605.3941078
10622.0000643
10545.6126644
10545.6126644
10545.6126644
10524.8552188
10557.236834
10539.8005797
10511.5704537
10454.2799038
10454.2799038
10454.2799038
10333.0564215
10319.7716563
10228.4388956
10210.1723435
10212.663237
10212.663237
10212.663237
10142.0879219
10133.7849437
10065.7005221
10078.9852873
9938.66495499
9938.66495499
9938.66495499
9750.18734891
9801.66581401
9600.73374057
9570.8430189
9637.26684483
9637.26684483
9637.26684483
9549.25527547
9663.00607738
9620.66088835
9589.10957103
9539.29170158
9539.29170158
9539.29170158
9539.29170158
9459.58311046
9417.23792143
9420.55911273
9673.79994909
9673.79994909
9673.79994909
9797.51432489
9607.37612316
9586.61867756
9626.47297311
9726.93900984
9726.93900984
9726.93900984
9674.63024692
9569.18242325
9495.2859169
9524.34634075
9463.73459958
9463.73459958
9463.73459958
9491.9647256
9641.41833395
9658.85458826
9671.30905562
9892.99857466
9834.04742915
9834.04742915
9741.05407285
9739.3934772
9758.49032715
9704.52096858
9596.58225145
9588.2792732
9588.2792732
9574.99450802
9590.77016668
9593.26106015
9771.77509234
9694.55739469
9672.13935344
9672.13935344
9702.86037294
9559.21884936
9529.32812769
9572.50361455
9381.53511499
9400.63196495
9400.63196495
9422.21970838
9437.99536703
9467.05579088
9422.21970838
9601.56403839
9549.25527547
9549.25527547
9516.87366033
9657.19399261
9657.19399261
9584.95808191
9615.6791014
9615.6791014
9615.6791014
9618.16999487
9559.21884936
9626.47297311
9696.21799034
9740.22377502
9707.01186206
9707.01186206
9691.2362034
9726.93900984
9821.59296179
9858.12606605
9789.21134665
9675.46054474
9675.46054474
9663.8363752
9672.96965127
9760.1509228
9715.3148403
9655.53339696
9607.37612316
9607.37612316
9574.99450802
9568.35212542
9584.95808191
9532.64931899
9472.03757782
9413.91673013
9413.91673013
9420.55911273
9271.10550438
9279.40848262
9212.98465669
9187.24542414
9192.22721109
9192.22721109
9192.22721109
9179.77274373
9100.06415261
9159.01529812
9231.25120882
9335.86873466
9335.86873466
9404.78345407
9325.07486295
9329.22635207
9385.68660411
9388.17749759
9393.15928453
9393.15928453
9351.64439332
9233.7421023
9248.68746313
9177.28185025
9089.27028089
9024.50705061
9024.50705061
9042.77360274
9246.19656966
9193.88780674
9405.61375189
9359.11707374
9391.49868888
9391.49868888
9391.49868888
9340.02022379
9349.98379768
9305.14771517
9434.67417574
9402.2925606
9402.2925606
9382.36541282
9389.83809323
9418.06821925
9421.38941055
9290.20235434
9320.92337383
9320.92337383
9305.14771517
9386.51690194
9328.39605425
9219.62703928
9215.47555016
9215.47555016
9215.47555016
9226.26942188
9288.54175869
9285.22056739
9180.60304155
9183.09393502
9144.90023511
9144.90023511
9062.70075052
9108.36713085
9014.54347672
9123.31249168
9204.68167845
9254.4995479
9254.4995479
9278.5781848
9245.36627183
9333.37784119
9510.23127773
9886.35619207
9981.01014402
9981.01014402
10160.354474
9963.57388972
10044.9430765
9931.19227458
10314.7898693
10113.8577959
10113.8577959
10084.797372
10146.239411
10070.682309
10005.0887809
10072.3429047
10062.3793308
10062.3793308
10049.9248634
10165.336261
10325.583741
10220.9662152
10245.0448521
10266.6325955
10266.6325955
10190.2451957
10176.1301327
10249.1963412
10191.9057914
10126.3122632
10166.1665588
10166.1665588
10166.1665588
10166.1665588
10025.8462265
10071.5126069
10006.7493766
10025.0159287
10025.0159287
9951.11942235
10069.0217134
9941.98614629
9983.5010375
10285.7294455
10274.9355738
10274.9355738
10288.220339
10237.5721717
10127.1425611
10059.8884373
10140.4273263
9977.68895273
9977.68895273
10019.2038439
9984.33133532
10027.5068222
10121.3304763
10069.0217134
10019.2038439
10019.2038439
9956.93150712
10000.106994
9832.3868335
9845.67159869
9829.06564221
9818.27177049
9818.27177049
9776.75687928
9804.15670748
9735.24198808
9767.62360322
9871.41083124
9886.35619207
9886.35619207
9910.43482897
9983.5010375
9932.0225724
9927.04078545
10241.7236608
10178.6210262
10178.6210262
10132.9546458
10139.5970284
10080.6458829
10094.7609459
10020.0341418
10005.0887809
10005.0887809
9985.16163314
10019.2038439
10061.549033
10061.549033
10090.6094568
10102.2336263
10102.2336263
10108.8760089
10258.3296173
10294.0324237
10206.0208544
10234.2509804
10121.3304763
10121.3304763
10096.4215416
10105.5548176
10017.5432483
9990.14342009
10025.8462265
9863.107853
9863.107853
9883.03500077
9892.16827684
9896.31976596
9976.02835708
10073.1732025
10132.124348
10132.124348
10126.3122632
10034.1492048
10117.1789872
9994.29490921
9917.07721156
9871.41083124
9871.41083124
9824.91415308
9824.91415308
9780.07807058
9671.30905562
9744.37526414
9658.02429043
9658.02429043
9637.26684483
9740.22377502
9799.17492054
9748.52675326
9725.27841419
9763.4721141
9763.4721141
9750.18734891
9874.73202253
10126.3122632
10054.0763525
9976.8586549
9955.27091148
9955.27091148
10014.222057
10047.43397
10038.3006939
10044.1127787
9975.19805925
9998.44639833
9998.44639833
9998.44639833
