5116.295192369598
5247.482248584203
5268.23969418778
5268.23969418778
5268.23969418778
5290.657735439643
5323.869648405365
5275.712374605067
5357.911859195231
5470.002065454545
5470.002065454545
5470.002065454545
5431.808365543965
5386.141985216096
5425.16598295082
5445.0931307302535
5352.0997744262295
5352.0997744262295
5352.0997744262295
5376.178411326378
5329.681733174367
5410.220622116245
5453.396108971684
5534.765295737705
5534.765295737705
5534.765295737705
5751.473027839047
5768.909282146051
5861.072340625931
5782.19404733234
5842.805788494785
5842.805788494785
5842.805788494785
5906.7387209538
5879.3388927570795
5960.7080795230995
5929.987060029807
5910.890210074515
5910.890210074515
5910.890210074515
5881.8297862295085
5875.187403636364
5936.629442622951
6035.434883695976
6096.046624858421
6096.046624858421
6096.046624858421
6096.046624858421
6071.967987958271
6114.313176989568
6189.039981162444
6225.5730854247395
6225.5730854247395
6225.5730854247395
6118.464666110283
5971.50195123696
6045.398457585693
6071.137690134129
6136.731218241431
6136.731218241431
6136.731218241431
6252.972913621461
6291.166613532042
6250.482020149031
6325.208824321908
6394.123543725783
6394.123543725783
6394.123543725783
6443.941413174367
6400.765926318927
6340.984482980626
6334.342100387481
6422.353669746647
6422.353669746647
6422.353669746647
6530.292386885246
6471.341241371088
6389.141756780924
6343.475376453055
6336.002696035768
6336.002696035768
6336.002696035768
6172.434024679583
6209.797426766021
6361.741928584203
6395.784139374068
6395.784139374068
6395.784139374068
6395.784139374068
6378.347885067064
6323.548228673621
6315.245250432191
6245.500233204173
6204.815639821162
6204.815639821162
6204.815639821162
6168.2825355588675
6220.5912984798815
6376.687289418778
6487.116900029806
6555.201321609538
6555.201321609538
6555.201321609538
6699.673143010432
6767.757564590164
6772.739351535023
6804.290668852459
6712.127610372579
6712.127610372579
6712.127610372579
6774.3999471833085
6759.454586348734
6663.140038748137
6673.103612637855
6740.357736393443
6740.357736393443
6740.357736393443
6725.412375558868
6667.291527868852
6819.236029687034
6898.944620804769
7045.077037853949
7045.077037853949
7045.077037853949
7104.028183368107
6930.495938122206
6944.611001132638
6978.653211922504
7058.361803040239
7058.361803040239
7058.361803040239
7036.774059612519
7058.361803040239
7129.7674159165435
7047.567931326378
6954.574575022355
6954.574575022355
6954.574575022355
6955.404872846499
6895.623429508197
6797.648286259315
6799.308881907601
6907.2475990462
6907.2475990462
6907.2475990462
6907.2475990462
6859.090325245902
6783.533223248883
6766.927266766021
6910.5687903427715
6910.5687903427715
6910.5687903427715
7029.301379195232
7025.149890074516
6973.671424977645
6992.768274932937
6971.180531505216
6971.180531505216
6971.180531505216
6892.302238211625
6825.878412280179
6846.635857883756
6802.630073204173
6845.805560059613
6845.805560059613
6845.805560059613
6929.665640298063
6879.847770849478
6873.205388256334
7019.337805305514
7102.367587719821
7102.367587719821
7102.367587719821
7180.4155831892695
7216.118389627422
7246.009111296573
7257.633280834576
7249.330302593145
7249.330302593145
7249.330302593145
7297.487576393442
7285.033109031297
7226.912261341282
7238.536430879284
7238.536430879284
7238.536430879284
7238.536430879284
7149.694563695976
7122.294735499255
7239.366728703428
7239.366728703428
7232.7243461102835
7232.7243461102835
7232.7243461102835
7272.578641669151
7321.566213293591
7241.027324351714
7176.264094068554
7160.488435409836
7160.488435409836
7160.488435409836
7096.5555029508205
7030.961974843517
6947.101894605068
6976.992616274218
6925.514151177347
6925.514151177347
6925.514151177347
6873.205388256334
6849.126751356185
6905.5870033979145
6903.926407749627
6862.411516542475
6862.411516542475
6862.411516542475
6792.666499314457
6727.072971207154
6756.133395052161
6773.569649359165
6789.345308017884
6789.345308017884
6789.345308017884
6839.993475290611
6879.017473025336
6813.423944918033
6783.533223248883
6854.938836125187
6854.938836125187
6854.938836125187
6831.6904970491805
6712.957908196721
6586.752638926974
6573.467873740686
6682.236888703427
6682.236888703427
6682.236888703427
6744.509225514158
6668.121825692996
6702.164036482862
6887.320451266766
6935.477725067064
6935.477725067064
6935.477725067064
6935.477725067064
6839.163177466468
6910.5687903427715
6960.386659791356
6940.459512011923
6940.459512011923
6940.459512011923
6975.332020625932
6873.205388256334
6789.345308017884
6747.830416810731
6718.769992965724
6718.769992965724
6718.769992965724
6668.95212351714
6601.69799976155
6634.909912727273
6763.606075469449
6889.811344739195
6889.811344739195
6889.811344739195
6811.763349269747
6807.611860149032
6859.920623070046
6810.1027536214615
6796.817988435172
6796.817988435172
6796.817988435172
6685.558080000001
6591.734425871833
6511.195536929956
6597.546510640835
6751.981905931446
6751.981905931446
6751.981905931446
6805.951264500746
6779.381734128167
6840.823773114754
6845.805560059613
6840.823773114754
6840.823773114754
6840.823773114754
6956.23517067064
6934.647427242921
6951.253383725783
6957.065468494784
6909.73849251863
6909.73849251863
6909.73849251863
6993.598572757079
7030.961974843517
7054.210313919523
7100.706992071536
6978.653211922504
6978.653211922504
6978.653211922504
6962.047255439643
7069.985972578242
6962.877553263786
6952.913979374069
6941.289809836066
6941.289809836066
6941.289809836066
6855.76913394933
6892.302238211625
6943.780703308495
6981.974403219076
6939.629214187779
6939.629214187779
6939.629214187779
6937.13832071535
6962.877553263786
7076.628355171386
7067.495079105813
7088.25252470939
7088.25252470939
7088.25252470939
7113.161459433682
7100.706992071536
7042.586144381521
7003.5621466467965
6981.144105394933
6981.144105394933
6981.144105394933
7020.998400953801
7102.367587719821
7128.9371180924
7128.9371180924
7146.373372399405
7146.373372399405
7146.373372399405
7109.840268137109
7001.0712531743675
6854.108538301043
6883.9992599701945
6798.4785840834575
6798.4785840834575
6798.4785840834575
6821.726923159464
6843.314666587184
6923.853555529061
6913.889981639345
6914.720279463487
6914.720279463487
6914.720279463487
6946.2715967809245
7010.20452923994
7026.810485722802
7074.9677595231005
7011.034827064083
7011.034827064083
7011.034827064083
6962.877553263786
7006.0530401192245
7073.307163874813
7073.307163874813
7138.900691982116
7138.900691982116
7138.900691982116
7113.161459433682
7077.4586529955295
7077.4586529955295
7077.4586529955295
7129.7674159165435
7129.7674159165435
7129.7674159165435
7288.354300327869
7396.293017466468
7461.886545573771
7538.273945394933
7564.843475767511
7564.843475767511
7564.843475767511
7658.667129895678
7579.788836602086
7718.44857323398
7676.103384202683
7718.44857323398
7718.44857323398
7718.44857323398
7835.520566438153
7886.999031535022
7856.278012041729
7833.859970789867
7920.210944500745
7920.210944500745
7920.210944500745
7983.313579135619
7952.592559642325
7899.453498897168
8043.925320298063
8097.894678867362
8097.894678867362
8097.894678867362
8065.513063725783
8075.476637615499
8108.688550581222
8010.71340733234
7928.513922742176
7928.513922742176
7928.513922742176
7947.610772697467
8043.925320298063
8069.664552846498
8027.3193638152015
7957.574346587184
7957.574346587184
7957.574346587184
7957.574346587184
7892.811116304024
7971.689409597616
8102.046167988077
8201.681906885246
8201.681906885246
8201.681906885246
8180.924461281669
8249.839180685545
8258.142158926976
8126.95510271237
8075.476637615499
8075.476637615499
8075.476637615499
8098.724976691506
8179.263865633384
8126.95510271237
8058.870681132638
8077.967531087928
8077.967531087928
8077.967531087928
8209.154587302533
8250.669478509688
8263.954243695976
8330.378069627423
8200.02131123696
8200.02131123696
8200.02131123696
8091.252296274218
8165.979100447094
8186.736546050671
8136.088378777943
8127.7854005365125
8127.7854005365125
8127.7854005365125
8156.015526557377
8264.78454152012
8379.365641251863
8320.414495737705
8332.038665275708
8332.038665275708
8332.038665275708
8281.39049800298
8237.384713323398
8298.826752309986
8253.99066980626
8233.233224202682
8233.233224202682
8233.233224202682
8337.020452220568
8317.093304441134
8188.397141698957
8112.840039701938
8039.773831177347
8039.773831177347
8039.773831177347
8064.682765901639
8172.621483040239
8092.912891922504
8141.070165722802
8204.172800357675
8204.172800357675
8204.172800357675
8204.172800357675
8332.038665275708
8394.311002086439
8366.911173889717
8308.790326199703
8308.790326199703
8308.790326199703
8326.226580506705
8265.614839344262
8308.790326199703
8320.414495737705
8277.239008882265
8277.239008882265
8277.239008882265
8222.439352488822
8250.669478509688
8190.888035171386
8215.796969895679
8271.426924113264
8271.426924113264
8271.426924113264
8365.250578241432
8357.777897824144
8350.305217406856
8312.111517496274
8241.536202444113
8241.536202444113
8241.536202444113
8200.02131123696
8215.796969895679
8210.81518295082
8280.560200178837
8226.590841609537
8226.590841609537
8226.590841609537
8066.343361549926
8068.003957198212
8042.264724649777
8097.064381043219
8097.064381043219
8097.064381043219
8097.064381043219
8097.064381043219
8079.628126736215
8102.876465812221
8085.440211505216
8003.240726915053
8003.240726915053
8003.240726915053
7955.083453114755
7970.02881394933
7955.083453114755
8007.392216035768
8126.95510271237
8126.95510271237
8126.95510271237
8229.912032906112
8185.906248226528
8208.32428947839
8329.54777180328
8318.75390008942
8318.75390008942
8318.75390008942
8366.080876065575
8283.051093651267
8274.748115409837
8334.529558748138
8301.317645782414
8301.317645782414
8301.317645782414
8281.39049800298
8308.790326199703
8326.226580506705
8259.802754575261
8301.317645782414
8301.317645782414
8301.317645782414
8301.317645782414
8234.893819850968
8229.912032906112
8235.724117675112
8328.717473979135
8328.717473979135
8328.717473979135
8395.971597734724
8353.626408703429
8346.15372828614
8282.220795827125
8246.517989388973
8246.517989388973
8246.517989388973
8226.590841609537
8205.83339600596
8214.966672071536
8229.081735081967
8227.421139433682
8227.421139433682
8227.421139433682
8232.40292637854
8170.960887391952
8147.712548315946
8131.106591833085
8175.942674336811
8175.942674336811
8175.942674336811
8156.015526557377
8222.439352488822
8239.045308971685
8192.548630819672
8186.736546050671
8186.736546050671
8186.736546050671
8165.979100447094
8248.178585037258
8193.378928643815
8195.869822116245
8229.912032906112
8229.912032906112
8229.912032906112
8243.1967980924
8297.166156661699
8261.463350223547
8169.300291743666
8087.931104977646
8087.931104977646
8087.931104977646
8066.343361549926
7994.937748673621
8060.531276780924
7974.180303070045
8003.240726915053
8003.240726915053
8003.240726915053
8044.755618122205
8084.6099136810735
8185.906248226528
8176.772972160954
8212.475778599106
8212.475778599106
8212.475778599106
8212.475778599106
8274.748115409837
8244.027095916543
8194.209226467958
8206.663693830104
8206.663693830104
8206.663693830104
8164.318504798807
8125.2945070640835
8131.106591833085
8202.512204709388
8262.293648047691
8262.293648047691
8262.293648047691
8257.311861102831
8425.862319403876
8420.050234634873
8392.650406438152
8380.195939076006
8380.195939076006
8380.195939076006
8411.747256393443
8260.633052399404
8229.912032906112
8229.912032906112
8136.088378777943
8136.088378777943
8136.088378777943
8119.482422295082
8027.3193638152015
7968.368218301044
8013.204300804769
7907.7564771386
7907.7564771386
7907.7564771386
7811.441929538003
7741.696912309985
7873.714266348733
7770.757336154993
7779.890612220566
7779.890612220566
7779.890612220566
7859.599203338302
7886.999031535022
7928.513922742176
7845.484140327869
7794.835973055141
7794.835973055141
7794.835973055141
7788.193590461998
7872.053670700448
7938.477496631893
7909.417072786886
8011.543705156483
8011.543705156483
8011.543705156483
8021.5072790462
8021.5072790462
7941.798687928465
7974.180303070045
7830.538779493294
7830.538779493294
7830.538779493294
7752.490784023846
7728.412147123696
7671.951895081967
7733.393934068555
7702.6729145752615
7702.6729145752615
7702.6729145752615
7766.605847034277
7765.775549210134
7788.193590461998
7888.659627183309
7877.865755469448
7877.865755469448
7877.865755469448
7936.8169009836065
7882.0172445901635
7895.302009776453
7895.302009776453
7942.628985752608
7942.628985752608
7942.628985752608
7888.659627183309
7864.58099028316
7882.847542414307
7859.599203338302
7892.811116304024
7892.811116304024
7892.811116304024
7985.804472608048
7976.671196542475
7998.258939970194
8059.700978956782
8080.458424560358
8080.458424560358
8080.458424560358
8088.761402801789
8141.9004635469455
8168.469993919523
8147.712548315946
8129.4459961848
8129.4459961848
8129.4459961848
8073.816041967213
8123.633911415797
8174.282078688525
8183.415354754099
8270.596626289122
8270.596626289122
8270.596626289122
8270.596626289122
8303.808539254844
8260.633052399404
8295.505561013413
8342.002239165426
8342.002239165426
8342.002239165426
8301.317645782414
8202.512204709388
8121.143017943368
8136.088378777943
8162.657909150522
8162.657909150522
8162.657909150522
8194.209226467958
8109.518848405366
8039.773831177347
8105.367359284651
8072.155446318928
8072.155446318928
8072.155446318928
8031.470852935917
7990.786259552906
8043.09502247392
7962.556133532042
7990.786259552906
7990.786259552906
7990.786259552906
8000.749833442624
8019.846683397914
7958.404644411326
7925.192731445604
7950.101666169896
7950.101666169896
7950.101666169896
7924.362433621461
7957.574346587184
7911.077668435171
7863.750692459017
7870.393075052161
7870.393075052161
7870.393075052161
7857.108309865872
7823.066099076007
7753.321081847988
7787.363292637854
7734.224231892697
7734.224231892697
7734.224231892697
7790.684483934426
7840.50235338301
7873.714266348733
7835.520566438153
7806.460142593145
7806.460142593145
7806.460142593145
7806.460142593145
7803.969249120715
7790.684483934426
7743.3575079582715
7749.999890551416
7749.999890551416
7749.999890551416
7774.908825275708
7843.823544679583
7822.235801251863
7876.205159821163
7916.889753204173
7916.889753204173
7916.889753204173
7930.174518390462
7904.435285842027
7828.878183845008
7860.4295011624445
7868.732479403876
7868.732479403876
7868.732479403876
7957.574346587184
8012.374002980626
8037.282937704918
8010.71340733234
7979.162090014904
7979.162090014904
7979.162090014904
7916.889753204173
7895.302009776453
7823.896396900149
7769.096740506707
7712.636488464977
7712.636488464977
7712.636488464977
7689.388149388972
7738.375721013413
7648.703556005962
7631.267301698957
7700.182021102832
7700.182021102832
7700.182021102832
7602.20687785395
7606.358366974665
7594.734197436663
7629.606706050671
7629.606706050671
7629.606706050671
7629.606706050671
7672.782192906111
7781.551207868853
7789.854186110284
7862.920394634873
7869.562777228018
7869.562777228018
7869.562777228018
7828.047886020864
7794.835973055141
7826.387290372579
7769.927038330849
7697.691127630403
7697.691127630403
7697.691127630403
7593.903899612519
7602.20687785395
7670.291299433681
7699.351723278688
7696.030531982116
7696.030531982116
7696.030531982116
7731.733338420269
7756.642273144561
7810.61163171386
7833.029672965723
7777.399718748138
7777.399718748138
7777.399718748138
7747.508997078987
7772.417931803279
7696.030531982116
7684.406362444113
7707.6547015201195
7707.6547015201195
7707.6547015201195
7742.527210134129
7775.739123099851
7820.575205603577
7775.739123099851
7725.921253651267
7725.921253651267
7725.921253651267
7614.6613452160955
7575.637347481371
7499.24994766021
7539.93454104322
7462.716843397913
7462.716843397913
7462.716843397913
7462.716843397913
7461.886545573771
7527.480073681074
7499.24994766021
7573.9767518330855
7573.9767518330855
7573.9767518330855
7497.5893520119225
7544.916327988078
7579.788836602086
7554.8799018777945
7562.352582295081
7562.352582295081
7562.352582295081
7575.637347481371
7660.327725543964
7618.812834336811
7642.89147123696
7642.89147123696
7642.89147123696
7642.89147123696
7674.442788554396
7710.1455949925485
7691.0487450372575
7683.576064619971
7719.278871058123
7719.278871058123
7719.278871058123
7672.782192906111
7602.20687785395
7583.110027898659
7608.01896262295
7578.128240953801
7578.128240953801
7578.128240953801
7578.128240953801
7585.600921371089
7536.613349746647
7551.558710581222
7539.104243219076
7539.104243219076
7539.104243219076
7518.3467976155
7500.910543308495
7497.5893520119225
7497.5893520119225
7521.667988912071
7521.667988912071
7521.667988912071
7560.691986646796
7632.927897347243
7642.89147123696
7653.685342950819
7666.970108137109
7666.970108137109
7666.970108137109
7590.582708315947
7540.764838867362
7376.365869687034
7388.82033704918
7390.480932697467
7390.480932697467
7390.480932697467
7404.5959957078985
7368.062891445604
7356.438721907601
7374.705274038749
7378.856763159464
7378.856763159464
7378.856763159464
7301.639065514158
7301.639065514158
7364.741700149031
7285.033109031297
7232.7243461102835
7232.7243461102835
7232.7243461102835
7257.633280834576
7217.778985275708
7179.585285365128
7176.264094068554
7169.62171147541
7169.62171147541
7169.62171147541
7201.173028792847
7187.057965782415
7164.639924530551
7091.573716005962
7102.367587719821
7102.367587719821
7102.367587719821
7174.603498420269
7131.428011564829
7153.015754992549
7181.245881013413
7242.68792
7242.68792
7242.68792
7242.68792
7250.990898241431
7276.730130789866
7216.948687451565
7115.6523529061105
7115.6523529061105
7115.6523529061105
7094.064609478391
7095.725205126677
7129.7674159165435
7147.203670223546
7113.991757257824
7113.991757257824
7113.991757257824
7069.985972578242
7072.476866050671
6981.974403219076
6969.51993585693
6967.029042384501
6967.029042384501
6967.029042384501
6988.616785812221
6940.459512011923
6930.495938122206
6975.332020625932
7033.452868315947
7033.452868315947
7033.452868315947
7073.307163874813
6991.10767928465
6952.083681549925
6991.937977108793
6977.82291409836
6977.82291409836
6977.82291409836
6976.992616274218
6910.5687903427715
6840.823773114754
6793.4967971385995
6821.726923159464
6821.726923159464
6821.726923159464
6810.933051445603
6812.59364709389
6743.678927690015
6765.266671117734
6711.297312548435
6711.297312548435
6711.297312548435
6661.479443099851
6654.837060506707
6753.642501579732
6796.817988435172
6830.860199225038
6830.860199225038
6830.860199225038
6795.157392786885
6699.673143010432
6649.855273561848
6664.800634396423
6724.582077734724
6724.582077734724
6724.582077734724
6778.551436304024
6777.72113847988
6795.157392786885
6913.059683815201
7023.489294426229
7023.489294426229
7023.489294426229
6961.216957615499
6997.750061877794
6950.42308590164
6907.2475990462
6939.629214187779
6939.629214187779
6939.629214187779
6942.120107660209
6995.259168405365
7001.901550998509
7001.901550998509
7011.034827064083
7011.034827064083
7011.034827064083
6971.180531505216
6869.053899135618
6888.9810469150525
6855.76913394933
6840.823773114754
6840.823773114754
6840.823773114754
6816.745136214606
6699.673143010432
6703.824632131147
6699.673143010432
6768.587862414308
6768.587862414308
6768.587862414308
6773.569649359165
6768.587862414308
6830.860199225038
6791.00590366617
6769.41816023845
6769.41816023845
6769.41816023845
6707.976121251863
6693.861058241431
6757.7939907004475
6823.387518807749
6890.641642563339
6890.641642563339
6890.641642563339
6890.641642563339
6888.9810469150525
6888.9810469150525
6894.793131684054
6901.435514277199
6901.435514277199
6901.435514277199
6901.435514277199
6789.345308017884
6755.3030972280185
6683.067186527571
6588.413234575261
6588.413234575261
6588.413234575261
6514.516728226528
6488.777495678092
6442.280817526081
6461.377667481372
6440.620221877795
6440.620221877795
6440.620221877795
6407.408308912072
6468.020050074516
6528.6317912369595
6465.529156602087
6450.583795767511
6450.583795767511
6450.583795767511
6399.105330670642
6406.578011087929
6413.220393681073
6337.663291684054
6344.305674277199
6344.305674277199
6344.305674277199
6413.220393681073
6392.462948077497
6428.996052339791
6438.129328405365
6400.765926318927
6400.765926318927
6400.765926318927
6381.669076363637
6467.189752250372
6498.74106956781
6458.056476184799
6443.111115350223
6443.111115350223
6443.111115350223
6429.826350163935
6353.438950342773
6324.378526497765
6254.633509269746
6249.651722324888
6249.651722324888
6249.651722324888
6249.651722324888
6221.421596304023
6219.761000655738
6234.706361490313
6278.712146169896
6278.712146169896
6278.712146169896
6213.948915886736
6161.640152965723
6171.603726855439
6198.173257228018
6204.815639821162
6204.815639821162
6204.815639821162
6166.621939910582
6200.664150700447
6234.706361490313
6227.233681073026
6298.63929394933
6298.63929394933
6298.63929394933
6309.433165663189
6331.851206915053
6298.63929394933
6333.511802563338
6382.49937418778
6382.49937418778
6382.49937418778
6424.844563219076
6333.511802563338
6289.506017883756
6281.203039642325
6281.203039642325
6281.203039642325
6281.203039642325
6253.803211445605
6300.299889597615
6325.208824321908
6306.94227219076
6288.675720059612
6288.675720059612
6288.675720059612
6235.536659314456
6272.069763576751
6336.002696035768
6342.645078628912
6389.972054605068
6389.972054605068
6389.972054605068
6424.014265394933
6394.953841549926
6362.572226408345
6436.46873275708
6601.69799976155
6601.69799976155
6601.69799976155
6726.242673383011
6669.782421341281
6708.806419076006
6763.606075469449
6748.660714634873
6748.660714634873
6748.660714634873
6859.090325245902
6921.362662056632
6948.7624902533535
6865.732707839046
6952.083681549925
6952.083681549925
6952.083681549925
7010.20452923994
6976.162318450075
6881.508366497765
6844.97526223547
6883.9992599701945
6883.9992599701945
6883.9992599701945
6846.635857883756
6825.878412280179
6826.708710104323
6926.344449001491
6980.31380757079
6980.31380757079
6980.31380757079
7030.961974843517
7093.234311654247
7127.276522444114
7065.004185633383
7031.792272667661
7031.792272667661
7031.792272667661
7102.367587719821
7018.507507481371
6957.065468494784
6936.308022891208
6905.5870033979145
6905.5870033979145
6905.5870033979145
6905.5870033979145
6926.344449001491
6979.4835097466475
6980.31380757079
7036.774059612519
7036.774059612519
7036.774059612519
7172.112604947839
7194.5306461997025
7156.3369462891205
7157.997541937408
7133.918905037259
7133.918905037259
7133.918905037259
7113.161459433682
7114.822055081967
7095.725205126677
7010.20452923994
6948.7624902533535
6948.7624902533535
6948.7624902533535
6962.877553263786
6891.4719403874815
6849.126751356185
6872.375090432191
6833.351092697467
6833.351092697467
6833.351092697467
6744.509225514158
6786.024116721312
6807.611860149032
6821.726923159464
6799.308881907601
6799.308881907601
6799.308881907601
6749.491012459016
6749.491012459016
6690.539866944859
6702.164036482862
6746.169821162444
6746.169821162444
6746.169821162444
6781.872627600596
6819.236029687034
6849.126751356185
6848.296453532042
6972.841127153502
6972.841127153502
6972.841127153502
6967.029042384501
6883.168962146051
6980.31380757079
6962.877553263786
6919.702066408346
6919.702066408346
6919.702066408346
6904.756705573771
6971.180531505216
7034.28316614009
7062.513292160954
7109.840268137109
7109.840268137109
7109.840268137109
7159.658137585693
7146.373372399405
7335.681276304024
7363.9114023248885
7376.365869687034
7376.365869687034
7376.365869687034
7348.966041490314
7383.0082522801795
7402.935400059613
7352.287232786885
7397.123315290611
7397.123315290611
7397.123315290611
7374.705274038749
7365.571997973175
7427.844334783905
7473.510715111774
7446.110886915052
7446.110886915052
7446.110886915052
7380.51735880775
7409.577782652757
7447.771482563338
7451.092673859911
7435.317015201193
7435.317015201193
7435.317015201193
7347.3054458420265
7308.281448107303
7312.432937228018
7280.051322086438
7300.808767690015
7300.808767690015
7300.808767690015
7300.808767690015
7361.4205088524595
7437.807908673622
7420.371654366618
7536.613349746647
7536.613349746647
7536.613349746647
7536.613349746647
7525.819478032787
7469.359225991058
7364.741700149031
7294.996682921013
7294.996682921013
7294.996682921013
7225.2516656929965
7153.846052816692
7117.312948554397
7149.694563695976
7160.488435409836
7160.488435409836
7160.488435409836
7160.488435409836
7208.645709210135
7142.221883278689
7151.355159344263
7188.7185614307
7188.7185614307
7188.7185614307
7235.2152395827125
7206.154815737705
7255.972685186289
7277.560428614009
7306.6208524590165
7306.6208524590165
7306.6208524590165
7416.2201652459025
7402.935400059613
7484.304586825633
7445.280589090909
7448.601780387482
7448.601780387482
7448.601780387482
7266.766556900149
7192.870050551415
7138.070394157974
7027.6407835469445
6957.895766318928
6957.895766318928
6957.895766318928
6972.01082932936
6913.059683815201
6893.132536035768
6817.575434038748
6693.030760417288
6693.030760417288
6693.030760417288
6741.1880342175855
6580.11025633383
6873.205388256334
6782.702925424739
6834.18139052161
6834.18139052161
6834.18139052161
6766.096968941878
6643.2128909687035
6705.485227779434
6674.76420828614
6701.333738658719
6701.333738658719
6701.333738658719
6575.958767213115
6520.328812995529
6522.819706467959
6594.225319344263
6623.285743189271
6623.285743189271
6623.285743189271
6688.879271296572
6676.424803934427
6700.5034408345755
6700.5034408345755
6726.242673383011
6726.242673383011
6726.242673383011
6756.963692876304
6676.424803934427
6560.183108554397
6634.07961490313
6737.866842921014
6737.866842921014
6737.866842921014
6698.842845186289
6812.59364709389
6824.217816631893
6776.060542831595
6741.1880342175855
6741.1880342175855
6741.1880342175855
6789.345308017884
6766.096968941878
6724.582077734724
6746.169821162444
6687.218675648286
6687.218675648286
6687.218675648286
6538.595365126677
6558.52251290611
6590.073830223548
6599.207106289121
6712.957908196721
6712.957908196721
6712.957908196721
6712.957908196721
6775.230245007452
6713.788206020865
6691.370164769001
6683.897484351714
6683.897484351714
6683.897484351714
6683.897484351714
6737.03654509687
6786.854414545454
6859.090325245902
6897.284025156483
6897.284025156483
6897.284025156483
6875.696281728763
6903.096109925485
6849.126751356185
6875.696281728763
6943.780703308495
6943.780703308495
6943.780703308495
7046.737633502236
6937.968618539494
6926.344449001491
6967.029042384501
6953.744277198211
6953.744277198211
6953.744277198211
6962.047255439643
7031.792272667661
7027.6407835469445
7095.725205126677
7138.900691982116
7138.900691982116
7138.900691982116
7105.688779016394
7072.476866050671
6967.859340208644
6981.974403219076
6929.665640298063
6929.665640298063
6929.665640298063
6840.823773114754
6832.520794873323
6775.230245007452
6799.308881907601
6826.708710104323
6826.708710104323
6826.708710104323
6848.296453532042
6893.132536035768
6889.811344739195
6883.9992599701945
6866.56300566319
6866.56300566319
6866.56300566319
6866.56300566319
6929.665640298063
6929.665640298063
6879.847770849478
6835.841986169896
6835.841986169896
6835.841986169896
6817.575434038748
6700.5034408345755
6715.44880166915
6773.569649359165
6773.569649359165
6773.569649359165
6773.569649359165
6869.8841969597615
6863.241814366617
6927.1747468256335
7015.186316184799
6998.580359701938
6998.580359701938
6998.580359701938
7013.525720536513
7031.792272667661
7019.337805305514
7032.622570491803
7080.779844292101
7080.779844292101
7080.779844292101
7120.634139850969
7060.022398688525
7122.294735499255
7151.355159344263
7138.900691982116
7138.900691982116
7138.900691982116
7097.385800774962
7235.2152395827125
7192.870050551415
7197.021539672131
7158.82783976155
7158.82783976155
7158.82783976155
7101.5372898956775
7209.476007034277
7221.930474396423
7286.693704679583
7270.918046020865
7270.918046020865
7270.918046020865
7254.312089538003
7295.826980745157
7237.706133055142
7227.742559165425
7227.742559165425
7227.742559165425
7227.742559165425
7144.712776751118
7123.125033323398
7143.052181102831
7101.5372898956775
7114.822055081967
7114.822055081967
7114.822055081967
7141.391585454546
7197.851837496274
7202.833624441133
7148.03396804769
7112.331161609539
7112.331161609539
7112.331161609539
7098.216098599106
7103.197885543965
7103.197885543965
7120.634139850969
7036.774059612519
7036.774059612519
7036.774059612519
6919.702066408346
6932.1565337704915
6962.877553263786
6882.338664321907
6896.45372733234
6896.45372733234
6896.45372733234
6849.957049180328
6857.429729597616
6879.017473025336
6998.580359701938
6990.277381460507
6990.277381460507
6990.277381460507
6994.428870581222
7019.337805305514
6952.913979374069
6955.404872846499
6943.780703308495
6943.780703308495
6943.780703308495
6943.780703308495
6913.059683815201
6826.708710104323
6827.539007928465
6818.405731862892
6818.405731862892
6818.405731862892
6818.405731862892
6902.265812101341
6937.13832071535
6948.7624902533535
6934.647427242921
6934.647427242921
6934.647427242921
6954.574575022355
7018.507507481371
6992.768274932937
6993.598572757079
7001.901550998509
7001.901550998509
7001.901550998509
6969.51993585693
6969.51993585693
6972.841127153502
7005.222742295083
7050.058824798808
7050.058824798808
7050.058824798808
7010.20452923994
6955.404872846499
6978.653211922504
6999.41065752608
6990.277381460507
6990.277381460507
6990.277381460507
6924.6838533532045
6937.968618539494
6937.968618539494
6939.629214187779
7025.980187898659
7025.980187898659
7025.980187898659
7081.610142116245
7060.022398688525
7006.883337943368
6948.7624902533535
6920.532364232489
6920.532364232489
6920.532364232489
6932.1565337704915
6879.017473025336
6879.847770849478
6869.053899135618
6875.696281728763
6875.696281728763
6875.696281728763
6854.108538301043
6889.811344739195
6970.350233681073
6972.841127153502
6972.841127153502
6972.841127153502
6972.841127153502
6963.707851087929
7027.6407835469445
7060.022398688525
7040.095250909091
7025.980187898659
7025.980187898659
7025.980187898659
7045.907335678093
7138.900691982116
7166.300520178838
7126.44622461997
7199.51243314456
7199.51243314456
7199.51243314456
7267.596854724292
7279.221024262296
7354.778126259314
7339.83276542474
7334.850978479881
7334.850978479881
7334.850978479881
7360.590211028316
7356.438721907601
7354.778126259314
7309.942043755589
7308.281448107303
7308.281448107303
7308.281448107303
7351.456934962742
7344.8145523695985
7347.3054458420265
7337.341871952311
7369.72348709389
7369.72348709389
7369.72348709389
7369.72348709389
7245.178813472429
7191.20945490313
7201.173028792847
7258.463578658719
7258.463578658719
7258.463578658719
7280.881619910581
7221.10017657228
7231.063750461997
7229.403154813712
7299.14817204173
7299.14817204173
7299.14817204173
7317.414724172876
7258.463578658719
7277.560428614009
7420.371654366618
7422.032250014903
7422.032250014903
7422.032250014903
7354.778126259314
7358.099317555887
7359.759913204173
7368.8931892697465
7294.996682921013
7294.996682921013
7294.996682921013
7247.669706944858
7350.626637138599
7349.796339314456
7390.480932697467
7452.753269508197
7452.753269508197
7452.753269508197
7339.83276542474
7120.634139850969
7051.719420447093
7012.69542271237
6965.3684467362145
6965.3684467362145
6965.3684467362145
6900.605216453056
6887.320451266766
6897.284025156483
6892.302238211625
6764.436373293593
6764.436373293593
6764.436373293593
6717.93969514158
6698.842845186289
6712.127610372579
6712.957908196721
6719.6002907898655
6719.6002907898655
6719.6002907898655
6713.788206020865
6839.993475290611
6772.739351535023
6809.272455797318
6799.308881907601
6799.308881907601
6799.308881907601
6747.000118986588
6696.35195171386
6614.982764947839
6622.455445365127
6696.35195171386
6696.35195171386
6696.35195171386
6824.217816631893
6759.454586348734
6780.21203195231
6819.236029687034
6772.739351535023
6772.739351535023
6772.739351535023
6769.41816023845
6718.769992965724
6703.824632131147
6703.824632131147
6740.357736393443
6740.357736393443
6740.357736393443
6881.508366497765
6857.429729597616
6895.623429508197
6905.5870033979145
6828.369305752608
6828.369305752608
6828.369305752608
6805.120966676603
6849.126751356185
6878.187175201192
6933.817129418779
6918.04147076006
6918.04147076006
6918.04147076006
6923.853555529061
6922.192959880776
6938.798916363637
6942.120107660209
6997.750061877794
6997.750061877794
6997.750061877794
7012.69542271237
6963.707851087929
6965.3684467362145
7001.901550998509
6965.3684467362145
6965.3684467362145
6965.3684467362145
6967.859340208644
6967.859340208644
6958.72606414307
6975.332020625932
6965.3684467362145
6965.3684467362145
6965.3684467362145
6963.707851087929
6963.707851087929
6846.635857883756
6810.933051445603
6881.508366497765
6881.508366497765
6881.508366497765
6908.0778968703435
7071.646568226528
7058.361803040239
7131.428011564829
7128.106820268256
7128.106820268256
7128.106820268256
7170.4520092995535
7211.966900506707
7183.736774485843
7183.736774485843
7200.342730968704
7200.342730968704
7200.342730968704
7246.839409120716
7286.693704679583
7286.693704679583
7305.790554634873
7274.239237317437
7274.239237317437
7274.239237317437
7294.166385096871
7260.124174307005
7322.396511117735
7272.578641669151
7319.075319821162
7319.075319821162
7319.075319821162
7265.9362590760065
7278.390726438152
7321.566213293591
7352.287232786885
7436.977610849479
7436.977610849479
7436.977610849479
7386.329443576751
7463.547141222057
7504.231734605067
7421.20195219076
7347.3054458420265
7347.3054458420265
7347.3054458420265
7347.3054458420265
7273.4089394932935
7363.9114023248885
7211.1366026825635
7213.6274961549925
7213.6274961549925
7213.6274961549925
7138.900691982116
7176.264094068554
7099.876694247392
7094.064609478391
7166.300520178838
7166.300520178838
7166.300520178838
7094.064609478391
7111.500863785395
7048.398229150522
6875.696281728763
6813.423944918033
6813.423944918033
6813.423944918033
6799.308881907601
6862.411516542475
6804.290668852459
6722.091184262295
6739.5274385693
6739.5274385693
6739.5274385693
6548.558939016394
6655.66735833085
6649.855273561848
6551.880130312966
6519.498515171386
6519.498515171386
6519.498515171386
6355.099545991058
6375.026693770492
6327.699717794338
6309.433165663189
6457.226178360656
6457.226178360656
6457.226178360656
6524.480302116244
6513.686430402385
6541.086258599105
6510.365239105813
6510.365239105813
6510.365239105813
6510.365239105813
6379.178182891207
6434.808137108793
6525.310599940388
6571.807278092399
6572.637575916543
6572.637575916543
6572.637575916543
6517.007621698956
6504.553154336811
6404.087117615499
6384.159969836066
6338.493589508197
6338.493589508197
6338.493589508197
6302.790783070045
6558.52251290611
6553.540725961252
6618.303956244412
6672.273314813711
6672.273314813711
6672.273314813711
6688.04897347243
6734.545651624441
6784.363521073025
6715.44880166915
6732.885055976155
6732.885055976155
6732.885055976155
6777.72113847988
6775.230245007452
6819.236029687034
6768.587862414308
6690.539866944859
6690.539866944859
6690.539866944859
6685.558080000001
6782.702925424739
6805.120966676603
6829.1996035767515
6865.732707839046
6865.732707839046
6865.732707839046
6898.944620804769
6912.229385991059
6900.605216453056
6998.580359701938
7091.573716005962
7091.573716005962
7091.573716005962
7091.573716005962
7122.294735499255
7143.052181102831
7026.810485722802
7065.004185633383
7065.004185633383
7065.004185633383
7035.943761788376
7006.0530401192245
7123.955331147541
7129.7674159165435
7153.015754992549
7153.015754992549
7153.015754992549
7146.373372399405
7172.9429027719825
7246.009111296573
7245.178813472429
7276.730130789866
7276.730130789866
7276.730130789866
7287.5240025037265
7300.808767690015
7322.396511117735
7231.063750461997
7221.10017657228
7221.10017657228
7221.10017657228
7255.142387362146
7284.202811207153
7368.8931892697465
7335.681276304024
7321.566213293591
7321.566213293591
7321.566213293591
7206.154815737705
7242.68792
7273.4089394932935
7380.51735880775
7380.51735880775
7380.51735880775
7380.51735880775
7457.735056453056
7451.092673859911
7450.262376035767
7355.608424083458
7365.571997973175
7365.571997973175
7365.571997973175
7519.1770954396425
7485.134884649777
7509.213521549926
7598.055388733234
7671.121597257824
7671.121597257824
7671.121597257824
7710.975892816692
7699.351723278688
7710.1455949925485
7689.388149388972
7622.964323457527
7622.964323457527
7622.964323457527
7683.576064619971
7737.54542318927
7773.248229627422
7765.775549210134
7734.224231892697
7734.224231892697
7734.224231892697
7730.903040596126
7720.109168882265
7789.854186110284
7895.302009776453
7926.853327093891
7926.853327093891
7926.853327093891
8004.901322563339
7907.7564771386
7881.186946766022
7992.446855201193
8026.489065991059
8026.489065991059
8026.489065991059
7876.205159821163
7803.1389512965725
7848.805331624441
7929.34422056632
7955.9137509388975
7955.9137509388975
7955.9137509388975
7939.307794456036
7916.05945538003
7830.538779493294
7725.090955827124
7743.3575079582715
7743.3575079582715
7743.3575079582715
7743.3575079582715
7811.441929538003
7914.398859731744
7877.865755469448
7813.102525186289
7813.102525186289
7813.102525186289
7710.1455949925485
7760.793762265276
7792.345079582713
7815.593418658718
7775.739123099851
7775.739123099851
7775.739123099851
7784.872399165425
7853.787118569299
7981.652983487333
7941.798687928465
8001.580131266766
8001.580131266766
8001.580131266766
8092.082594098361
7987.465068256334
8010.71340733234
7937.64719880775
7805.629844769002
7805.629844769002
7805.629844769002
7654.515640774963
7741.696912309985
7799.81776
7823.066099076007
7893.6414141281675
7893.6414141281675
7893.6414141281675
8018.186087749628
7976.671196542475
8004.071024739195
7962.556133532042
7893.6414141281675
7893.6414141281675
7893.6414141281675
7970.02881394933
7989.1256639046205
8073.816041967213
7960.065240059613
7938.477496631893
7938.477496631893
7938.477496631893
7977.5014943666165
7924.362433621461
7930.174518390462
7800.6480578241435
7834.690268614009
7834.690268614009
7834.690268614009
7735.884827540985
7743.3575079582715
7715.127381937407
7620.473429985097
7676.103384202683
7676.103384202683
7676.103384202683
7781.551207868853
7781.551207868853
7914.398859731744
7766.605847034277
7741.696912309985
7741.696912309985
7741.696912309985
7753.321081847988
7838.011459910582
8011.543705156483
8156.84582438152
8189.2274395231
8189.2274395231
8189.2274395231
8189.2274395231
8286.37228494784
8228.251437257824
8304.638837078986
8219.118161192251
8219.118161192251
8219.118161192251
8126.95510271237
8159.33671785395
8217.457565543966
8217.457565543966
8247.348287213115
8247.348287213115
8247.348287213115
8049.737405067064
8090.421998450074
8072.9857441430695
8058.040383308495
7939.307794456036
7939.307794456036
7939.307794456036
7752.490784023846
7754.981677496275
7607.1886647988085
7543.255732339791
7615.491643040239
7615.491643040239
7615.491643040239
7568.994964888227
7622.964323457527
7709.315297168406
7723.430360178838
7781.551207868853
7781.551207868853
7781.551207868853
7960.895537883755
7956.74404876304
7995.768046497765
7995.768046497765
8023.998172518629
8023.998172518629
8023.998172518629
7975.840898718331
7987.465068256334
8004.071024739195
8004.071024739195
8077.137233263786
8077.137233263786
8077.137233263786
8242.366500268257
8342.002239165426
8144.3913570193745
8018.186087749628
8043.09502247392
8043.09502247392
8043.09502247392
8043.925320298063
8013.204300804769
8024.828470342773
8053.888894187779
8081.288722384501
8081.288722384501
8081.288722384501
8062.19187242921
7893.6414141281675
7857.108309865872
7808.12073824143
7806.460142593145
7806.460142593145
7806.460142593145
7795.666270879285
7883.677840238451
7826.387290372579
7878.696053293592
7865.411288107302
7865.411288107302
7865.411288107302
7740.866614485842
7816.423716482862
7821.40550342772
7861.259798986587
7906.926179314456
7906.926179314456
7906.926179314456
7864.58099028316
7876.205159821163
7825.556992548435
7776.569420923995
7735.054529716841
7735.054529716841
7735.054529716841
7735.054529716841
7802.30865347243
7863.750692459017
7749.999890551416
7772.417931803279
7772.417931803279
7772.417931803279
7847.975033800299
7855.4477142175865
7924.362433621461
8027.3193638152015
8092.082594098361
8092.082594098361
8092.082594098361
8120.312720119226
8020.676981222057
8065.513063725783
8009.052811684054
8009.052811684054
8009.052811684054
8009.052811684054
8107.027954932936
8076.306935439643
8034.792044232489
8218.287863368107
8185.0759504023845
8185.0759504023845
8185.0759504023845
8326.226580506705
8240.70590461997
8253.99066980626
8191.71833299553
8243.1967980924
8243.1967980924
8243.1967980924
8337.85075004471
8270.596626289122
8429.183510700448
8351.135515230999
8259.802754575261
8259.802754575261
8259.802754575261
8238.215011147542
8335.35985657228
8420.050234634873
8377.705045603578
8361.92938694486
8361.92938694486
8361.92938694486
8254.820967630403
8244.027095916543
8248.178585037258
8293.014667540983
8305.469134903129
8305.469134903129
8305.469134903129
8246.517989388973
8212.475778599106
8317.093304441134
8349.474919582713
8349.474919582713
8349.474919582713
8349.474919582713
8434.995595469449
8351.965813055142
8361.099089120715
8388.498917317436
8471.528699731743
8471.528699731743
8471.528699731743
8502.249719225038
8443.29857371088
8338.681047868853
8284.711689299553
8266.445137168406
8266.445137168406
8266.445137168406
8129.4459961848
8073.816041967213
8081.288722384501
8123.633911415797
8107.027954932936
8107.027954932936
8107.027954932936
7999.089237794337
8060.531276780924
8035.622342056632
8079.628126736215
8186.736546050671
8186.736546050671
8186.736546050671
8185.0759504023845
8136.918676602087
8111.179444053651
8108.688550581222
8068.003957198212
8068.003957198212
8068.003957198212
8068.003957198212
8170.13058956781
8245.68769156483
8255.651265454546
8234.893819850968
8234.893819850968
8234.893819850968
8286.37228494784
8199.191013412817
8217.457565543966
8192.548630819672
8251.49977633383
8251.49977633383
8251.49977633383
8266.445137168406
8256.481563278689
8252.330074157973
8364.420280417287
8355.287004351714
8355.287004351714
8355.287004351714
8402.61398032787
8330.378069627423
8357.777897824144
8263.123945871834
8271.426924113264
8271.426924113264
8271.426924113264
8254.820967630403
8358.608195648287
8297.166156661699
8276.408711058122
8244.027095916543
8244.027095916543
8244.027095916543
8175.112376512669
8111.179444053651
8034.792044232489
7964.216729180329
7964.216729180329
7964.216729180329
7964.216729180329
7882.0172445901635
7922.701837973175
7916.889753204173
7962.556133532042
7935.156305335321
7935.156305335321
7935.156305335321
7923.532135797317
7873.714266348733
7922.701837973175
7933.495709687035
7961.725835707899
7961.725835707899
7961.725835707899
7808.951036065574
7759.13316661699
7677.763979850969
7710.1455949925485
7777.399718748138
7777.399718748138
7777.399718748138
7853.787118569299
7799.81776
7783.211803517139
7847.144735976155
7906.926179314456
7906.926179314456
7906.926179314456
7857.108309865872
7854.617416393443
7917.720051028316
7911.907966259315
7825.556992548435
7825.556992548435
7825.556992548435
7835.520566438153
7882.0172445901635
7847.975033800299
7840.50235338301
7779.060314396424
7779.060314396424
7779.060314396424
7695.200234157973
7675.273086378539
7692.709340685544
7708.484999344262
7643.721769061103
7643.721769061103
7643.721769061103
7473.510715111774
7487.625778122206
7466.868332518628
7382.177954456036
7407.917187004472
7407.917187004472
7407.917187004472
7319.075319821162
7329.03889371088
7341.493361073026
7198.682135320418
7154.676350640835
7154.676350640835
7154.676350640835
7154.676350640835
7066.66478128167
7089.913120357675
7160.488435409836
7246.839409120716
7246.839409120716
7246.839409120716
7192.0397527272735
7126.44622461997
7070.816270402385
6975.332020625932
6942.950405484352
6942.950405484352
6942.950405484352
7029.301379195232
7021.828698777944
6981.974403219076
6933.817129418779
6841.654070938897
6841.654070938897
6841.654070938897
6996.089466229509
7040.095250909091
7057.531505216096
7076.628355171386
7146.373372399405
7146.373372399405
7146.373372399405
7139.7309898062595
7109.840268137109
7212.79719833085
7290.845193800298
7248.500004769002
7248.500004769002
7248.500004769002
7219.439580923994
7187.057965782415
7063.343589985097
7109.840268137109
7071.646568226528
7071.646568226528
7071.646568226528
7033.452868315947
7073.307163874813
7065.834483457526
7043.416442205663
6957.895766318928
6957.895766318928
6957.895766318928
6899.774918628912
6961.216957615499
6954.574575022355
6916.380875111774
7078.288950819672
7078.288950819672
7078.288950819672
7197.021539672131
7212.79719833085
7197.021539672131
7133.088607213115
7078.288950819672
7078.288950819672
7078.288950819672
7100.706992071536
7090.743418181818
7116.482650730254
7144.712776751118
7106.519076840536
7106.519076840536
7106.519076840536
7016.016614008942
7059.192100864382
7008.543933591654
7014.356018360656
7081.610142116245
7081.610142116245
7081.610142116245
7072.476866050671
7225.2516656929965
7290.845193800298
7290.845193800298
7355.608424083458
7355.608424083458
7355.608424083458
7381.347656631893
7391.31123052161
7328.2085958867365
7338.172169776453
7412.068676125187
7412.068676125187
7412.068676125187
7364.741700149031
7321.566213293591
7374.705274038749
7406.256591356185
7360.590211028316
7360.590211028316
7360.590211028316
7236.045537406856
7273.4089394932935
7212.79719833085
7227.742559165425
7271.748343845007
7271.748343845007
7271.748343845007
7249.330302593145
7240.197026527571
7221.10017657228
7251.8211960655735
7251.8211960655735
7251.8211960655735
7251.8211960655735
7226.081963517138
7209.476007034277
7249.330302593145
7265.105961251863
7265.105961251863
7265.105961251863
7265.105961251863
7327.378298062594
7184.567072309985
7148.864265871834
7155.506648464978
7194.5306461997025
7194.5306461997025
7194.5306461997025
7061.682994336811
7038.434655260806
6966.198744560358
6993.598572757079
7037.604357436662
7037.604357436662
7037.604357436662
7099.876694247392
7035.943761788376
7023.489294426229
7043.416442205663
7016.016614008942
7016.016614008942
7016.016614008942
6997.750061877794
6986.9561901639345
6996.919764053652
7176.264094068554
7232.7243461102835
7232.7243461102835
7232.7243461102835
7071.646568226528
7078.288950819672
7016.016614008942
7032.622570491803
7065.834483457526
7065.834483457526
7065.834483457526
6919.702066408346
6896.45372733234
6947.101894605068
6930.495938122206
6923.023257704918
6923.023257704918
6923.023257704918
6923.023257704918
6902.265812101341
6871.544792608048
6883.168962146051
6844.144964411326
6844.144964411326
6844.144964411326
6736.2062472727275
6750.32131028316
6864.902410014903
6856.599431773472
6844.97526223547
6844.97526223547
6844.97526223547
6878.187175201192
6856.599431773472
6768.587862414308
6704.654929955291
6703.824632131147
6703.824632131147
6703.824632131147
6605.0191910581225
6673.933910461997
6683.067186527571
6688.879271296572
6620.794849716841
6620.794849716841
6620.794849716841
6650.685571385991
6628.267530134128
6607.5100845305515
6686.3883778241425
6689.709569120716
6689.709569120716
6689.709569120716
6804.290668852459
6864.072112190761
6835.841986169896
6871.544792608048
6791.00590366617
6791.00590366617
6791.00590366617
6839.993475290611
6845.805560059613
6831.6904970491805
6918.04147076006
6962.877553263786
6962.877553263786
6962.877553263786
6935.477725067064
6968.689638032787
6947.93219242921
6998.580359701938
6998.580359701938
6998.580359701938
6998.580359701938
6985.295594515648
6982.804701043219
6958.72606414307
6971.180531505216
7002.731848822653
7002.731848822653
7002.731848822653
7025.149890074516
6979.4835097466475
7002.731848822653
7083.270737764531
7158.82783976155
7158.82783976155
7158.82783976155
7187.057965782415
7119.803842026826
7079.119248643816
7015.186316184799
7044.2467400298065
7044.2467400298065
7044.2467400298065
7049.228526974665
7094.894907302534
7094.894907302534
7167.130818002981
7216.948687451565
7216.948687451565
7216.948687451565
7148.03396804769
7189.548859254844
7188.7185614307
7133.088607213115
7122.294735499255
7122.294735499255
7122.294735499255
7018.507507481371
6981.144105394933
6940.459512011923
6912.229385991059
6940.459512011923
6940.459512011923
6940.459512011923
6944.611001132638
6929.665640298063
6881.508366497765
6849.957049180328
6804.290668852459
6804.290668852459
6804.290668852459
6804.290668852459
6766.927266766021
6782.702925424739
6779.381734128167
6683.897484351714
6683.897484351714
6683.897484351714
6675.594506110283
6660.649145275708
6605.849488882266
6631.588721430701
6722.921482086439
6722.921482086439
6722.921482086439
6657.327953979136
6653.17646485842
6616.643360596126
6571.807278092399
6547.7286411922505
6547.7286411922505
6547.7286411922505
6559.352810730254
6639.891699672132
6751.981905931446
6728.73356685544
6668.121825692996
6668.121825692996
6668.121825692996
6741.1880342175855
6743.678927690015
6741.1880342175855
6669.782421341281
6617.473658420268
6617.473658420268
6617.473658420268
6617.473658420268
6633.249317078987
6639.891699672132
6683.897484351714
6759.454586348734
6759.454586348734
6759.454586348734
6849.126751356185
6843.314666587184
6878.187175201192
6869.053899135618
6880.678068673622
6880.678068673622
6880.678068673622
6859.090325245902
6919.702066408346
6909.73849251863
6908.0778968703435
6896.45372733234
6896.45372733234
6896.45372733234
6853.2782404769005
6831.6904970491805
6740.357736393443
6743.678927690015
6713.788206020865
6713.788206020865
6713.788206020865
6825.878412280179
6778.551436304024
6671.443016989568
6607.5100845305515
6512.0258347540985
6512.0258347540985
6512.0258347540985
6478.813921788375
6470.510943546945
6453.074689239941
6450.583795767511
6542.746854247393
6542.746854247393
6542.746854247393
6579.279958509687
6901.435514277199
6886.490153442623
6962.877553263786
7217.778985275708
7217.778985275708
7217.778985275708
7399.614208763041
7264.27566342772
7347.3054458420265
7409.577782652757
7335.681276304024
7335.681276304024
7335.681276304024
7417.050463070044
7483.47428900149
7431.165526080477
7550.728412757079
7681.085171147542
7681.085171147542
7681.085171147542
7681.085171147542
7591.413006140089
7603.867473502235
7576.467645305514
7529.140669329359
7529.140669329359
7529.140669329359
7627.946110402385
7663.648916840537
7725.921253651267
7703.503212399403
7613.000749567809
7613.000749567809
7613.000749567809
7608.01896262295
7761.624060089419
7701.842616751118
7686.897255916542
7634.588492995529
7634.588492995529
7634.588492995529
7646.212662533532
7632.927897347243
7524.989180208644
7441.959397794337
7536.613349746647
7536.613349746647
7536.613349746647
7502.571138956781
7532.461860625932
7840.50235338301
8020.676981222057
8193.378928643815
8193.378928643815
8193.378928643815
8409.256362921013
8333.699260923995
8428.353212876305
8277.239008882265
8245.68769156483
8245.68769156483
8245.68769156483
8462.39542366617
8417.559341162443
8586.109799463487
8610.188436363636
8564.522056035768
8564.522056035768
8564.522056035768
8262.293648047691
8353.626408703429
8355.287004351714
8228.251437257824
8234.063522026827
8234.063522026827
8234.063522026827
8350.305217406856
8486.47406056632
8846.823316244412
8719.787749150522
8733.07251433681
8733.07251433681
8733.07251433681
8613.509627660209
8803.647829388972
8672.460773174367
8757.15115123696
8634.267073263787
8634.267073263787
8634.267073263787
8480.661975797317
8369.402067362147
8531.310143070044
8569.503842980626
8479.831677973174
8479.831677973174
8479.831677973174
8302.978241430701
8228.251437257824
8302.978241430701
8302.978241430701
8364.420280417287
8364.420280417287
8364.420280417287
8326.226580506705
8629.285286318927
8561.200864739194
8577.806821222057
8563.691758211626
8563.691758211626
8563.691758211626
8765.45412947839
8775.417703368108
8694.048516602086
8535.46163219076
8459.074232369598
8459.074232369598
8459.074232369598
8504.740612697466
8381.026236900148
8241.536202444113
8222.439352488822
8398.462491207154
8398.462491207154
8398.462491207154
8340.341643517138
8554.55848214605
8593.582479880775
8677.442560119225
8677.442560119225
8677.442560119225
8677.442560119225
8888.338207451565
8792.02365985097
8797.83574461997
8696.539410074516
8689.066729657228
8689.066729657228
8689.066729657228
8527.15865394933
8685.745538360656
8675.78196447094
8891.659398748137
8934.834885603575
8934.834885603575
8934.834885603575
9069.343133114755
8998.767818062594
8997.107222414306
8917.398631296572
8973.8588833383
8973.8588833383
8973.8588833383
9007.070796304024
8964.725607272729
8868.411059672131
8890.829100923995
8743.036088226529
8743.036088226529
8743.036088226529
8553.728184321908
8651.70332757079
8618.491414605067
8831.877955409836
8841.01123147541
8841.01123147541
8841.01123147541
8931.513694307005
8799.496340268257
8822.744679344261
8840.180933651267
8949.780246438153
8949.780246438153
8949.780246438153
9026.167646259313
8928.192503010432
8862.59897490313
9031.979731028316
9021.185859314457
9021.185859314457
9021.185859314457
9109.19742867362
9075.985515707898
9028.658539731745
9041.11300709389
9073.49462223547
9073.49462223547
9073.49462223547
9073.49462223547
8970.53769204173
9107.536833025337
9314.28099123696
9306.808310819673
9306.808310819673
9306.808310819673
9237.893591415797
9388.177497585693
9424.710601847988
9449.61953657228
9473.69817347243
9473.69817347243
9473.69817347243
9479.510258241431
9297.675034754098
9403.953156244412
9306.808310819673
9280.238780447095
9280.238780447095
9280.238780447095
9253.669250074516
9336.699032488823
9266.123717436662
9274.426695678092
9280.238780447095
9280.238780447095
9280.238780447095
9343.341415081966
9324.244565126677
9472.867875648288
9514.38276685544
9466.22549305514
9466.22549305514
9466.22549305514
9409.765241013412
9392.328986706409
9492.79502342772
9382.365412816693
9382.365412816693
9382.365412816693
9382.365412816693
9362.438265037257
9300.99622605067
9245.366271833085
9280.238780447095
9338.35962813711
9338.35962813711
9338.35962813711
9480.340556065574
9509.40097991058
9603.224634038748
9675.460544739195
9725.27841418778
9725.27841418778
9725.27841418778
9824.083855260806
9751.847944560359
9892.99857466468
9866.429044292101
9932.852870223547
9932.852870223547
9932.852870223547
9857.295768226528
10042.452183010433
10033.31890694486
10125.48196542474
10181.111919642326
10181.111919642326
10181.111919642326
9999.276696154993
10029.997715648287
10069.021713383012
10127.142561073026
10234.250980387482
10234.250980387482
10234.250980387482
10197.717876125187
10210.172343487333
10127.142561073026
10083.136776393443
10119.669880655738
10119.669880655738
10119.669880655738
9988.482824441133
10011.731163517139
9993.46461138599
9892.168276840537
9880.544107302534
9880.544107302534
9880.544107302534
9968.5556766617
10121.330476304025
10204.36025871833
10158.693878390462
10097.251839403874
10097.251839403874
10097.251839403874
10097.251839403874
9963.573889716841
9981.84044184799
10058.227841669152
10071.51260685544
10071.51260685544
10071.51260685544
10081.476180745158
9921.228700685546
9843.180705216097
9872.241129061103
9931.19227457526
9931.19227457526
9931.19227457526
10133.78494366617
10190.2451957079
10273.274978122206
10364.607738777944
10313.959571505216
10313.959571505216
10313.959571505216
10289.050636780925
10357.135058360656
10343.019995350225
10310.638380208644
10309.808082384501
10309.808082384501
10309.808082384501
10208.511747839046
10039.961289538003
10078.154989448583
10146.239411028317
10173.639239225036
10173.639239225036
10173.639239225036
10173.639239225036
10034.149204769003
10135.445539314456
10049.924863427721
10023.355333055142
10023.355333055142
10023.355333055142
10092.270052459016
9951.119422354695
9945.307337585693
9999.276696154993
9899.640957257825
9899.640957257825
9899.640957257825
9879.713809478391
9939.49525281669
10195.226982652759
10207.681450014905
10222.626810849479
10222.626810849479
10222.626810849479
10236.741873859912
10326.414038867362
10216.814726080478
10098.912435052162
9956.931507123696
9956.931507123696
9956.931507123696
9915.416615916543
9863.938150819673
9945.307337585693
9823.253557436661
9824.914153084948
9824.914153084948
9824.914153084948
9657.193992608047
9700.369479463487
9764.302411922505
9751.017646736216
9820.762663964233
9820.762663964233
9820.762663964233
9909.604531147541
9884.69559642325
10017.54324828614
9901.30155290611
9915.416615916543
9915.416615916543
9915.416615916543
9990.14342008942
9904.622744202683
9833.217131326379
9839.859513919522
9897.980361609538
9897.980361609538
9897.980361609538
9914.586318092399
9930.361976751117
10098.082137228019
10020.03414175857
10092.270052459016
10092.270052459016
10092.270052459016
10092.270052459016
10284.89914766021
10329.735230163935
10346.341186646796
10293.20212590164
10293.20212590164
10293.20212590164
10205.190556542473
10163.67566533532
10208.511747839046
10088.118563338301
10176.96043052161
10176.96043052161
10176.96043052161
10245.044852101342
10372.080419195232
10323.09284757079
10440.995138599106
10425.219479940388
10425.219479940388
10425.219479940388
10468.394966795828
10362.116845305514
10312.298975856931
10296.52331719821
10238.402469508197
10238.402469508197
10238.402469508197
10223.457108673621
10268.293191177348
10380.383397436663
10534.818792727272
10563.048918748138
10563.048918748138
10563.048918748138
10666.836146766022
10504.097773233978
10459.261690730254
10473.376753740687
10490.813008047691
10490.813008047691
10490.813008047691
10533.988494903131
10385.36518438152
10352.153271415797
10391.177269150521
10369.589525722802
10369.589525722802
10369.589525722802
10370.419823546945
10398.64994956781
10327.244336691505
10313.129273681072
10158.693878390462
10158.693878390462
10158.693878390462
10172.808941400895
10206.85115219076
10273.274978122206
10188.584600059612
10115.518391535023
10115.518391535023
10115.518391535023
10086.457967690016
10087.288265514158
10233.42068256334
10261.650808584203
10380.383397436663
10380.383397436663
10380.383397436663
10412.76501257824
10362.116845305514
10389.516673502236
10417.7467995231
10387.025780029806
10387.025780029806
10387.025780029806
10534.818792727272
10592.939640417288
10591.279044769
10591.279044769
10606.224405603578
10606.224405603578
10606.224405603578
10543.121770968703
10687.593592369598
10594.600236065575
10587.127555648285
10504.928071058122
10504.928071058122
10504.928071058122
10548.933855737705
10538.970281847987
10576.333683934427
10477.528242861403
10462.582882026825
10462.582882026825
10462.582882026825
10475.037349388971
10427.710373412818
10351.322973591656
10269.123489001491
10313.959571505216
10313.959571505216
10313.959571505216
10333.88671928465
10312.298975856931
10420.23769299553
10409.44382128167
10382.87429090909
10382.87429090909
10382.87429090909
10382.87429090909
10492.473603695977
10488.322114575261
10463.41317985097
10450.12841466468
10450.12841466468
10450.12841466468
10450.12841466468
10401.140843040239
10536.47938837556
10646.078701162445
10682.611805424738
10682.611805424738
10682.611805424738
10679.290614128167
10615.357681669151
10605.394107779433
10622.000064262294
10545.612664441132
10545.612664441132
10545.612664441132
10524.855218837556
10557.236833979136
10539.800579672132
10511.570453651268
10454.279903785395
10454.279903785395
10454.279903785395
10333.056421460507
10319.771656274219
10228.438895618481
10210.172343487333
10212.663236959763
10212.663236959763
10212.663236959763
10142.087921907601
10133.78494366617
10065.700522086438
10078.985287272728
9938.66495499255
9938.66495499255
9938.66495499255
9750.187348912072
9801.665814008942
9600.733740566318
9570.843018897169
9637.266844828615
9637.266844828615
9637.266844828615
9549.255275469448
9663.00607737705
9620.660888345754
9589.109571028317
9539.291701579732
9539.291701579732
9539.291701579732
9539.291701579732
9459.583110461997
9417.237921430702
9420.559112727273
9673.799949090908
9673.799949090908
9673.799949090908
9797.514324888227
9607.376123159464
9586.618677555887
9626.472973114754
9726.939009836065
9726.939009836065
9726.939009836065
9674.630246915052
9569.182423248883
9495.28591690015
9524.346340745156
9463.734599582713
9463.734599582713
9463.734599582713
9491.964725603577
9641.41833394933
9658.854588256334
9671.30905561848
9892.99857466468
9834.047429150523
9834.047429150523
9741.054072846498
9739.393477198211
9758.490327153502
9704.520968584202
9596.582251445603
9588.279273204173
9588.279273204173
9574.994508017884
9590.770166676602
9593.261060149032
9771.775092339793
9694.557394694486
9672.139353442624
9672.139353442624
9702.860372935917
9559.218849359166
9529.328127690016
9572.503614545456
9381.53511499255
9400.63196494784
9400.63196494784
9422.219708375558
9437.995367034278
9467.055790879285
9422.219708375558
9601.564038390463
9549.255275469448
9549.255275469448
9516.87366032787
9657.193992608047
9657.193992608047
9584.958081907602
9615.679101400894
9615.679101400894
9615.679101400894
9618.169994873324
9559.218849359166
9626.472973114754
9696.217990342771
9740.223775022354
9707.011862056632
9707.011862056632
9691.236203397913
9726.939009836065
9821.592961788376
9858.12606605067
9789.211346646796
9675.460544739195
9675.460544739195
9663.836375201194
9672.969651266767
9760.15092280179
9715.314840298062
9655.533396959763
9607.376123159464
9607.376123159464
9574.994508017884
9568.35212542474
9584.958081907602
9532.649318986587
9472.037577824143
9413.916730134128
9413.916730134128
9420.559112727273
9271.10550438152
9279.40848262295
9212.984656691504
9187.24542414307
9192.227211087928
9192.227211087928
9192.227211087928
9179.772743725782
9100.064152608047
9159.015298122205
9231.251208822652
9335.86873466468
9335.86873466468
9404.783454068554
9325.07486295082
9329.226352071535
9385.686604113265
9388.177497585693
9393.159284530551
9393.159284530551
9351.644393323399
9233.742102295082
9248.687463129658
9177.281850253354
9089.270280894189
9024.50705061103
9024.50705061103
9042.773602742176
9246.196569657228
9193.887806736215
9405.613751892697
9359.117073740686
9391.498688882264
9391.498688882264
9391.498688882264
9340.020223785396
9349.983797675111
9305.147715171386
9434.674175737704
9402.292560596126
9402.292560596126
9382.365412816693
9389.83809323398
9418.068219254843
9421.389410551417
9290.202354336812
9320.923373830105
9320.923373830105
9305.147715171386
9386.516901937408
9328.396054247392
9219.62703928465
9215.475550163936
9215.475550163936
9215.475550163936
9226.269421877794
9288.541758688525
9285.220567391952
9180.603041549926
9183.093935022354
9144.900235111774
9144.900235111774
9062.70075052161
9108.36713084948
9014.543476721312
9123.312491684053
9204.681678450073
9254.499547898658
9254.499547898658
9278.578184798807
9245.366271833085
9333.37784119225
9510.231277734725
9886.356192071536
9981.010144023845
9981.010144023845
10160.35447403875
9963.573889716841
10044.943076482861
9931.19227457526
10314.78986932936
10113.857795886735
10113.857795886735
10084.797372041729
10146.239411028317
10070.682309031297
10005.088780923994
10072.342904679583
10062.379330789867
10062.379330789867
10049.924863427721
10165.336260983606
10325.58374104322
10220.966215201193
10245.044852101342
10266.632595529061
10266.632595529061
10190.2451957079
10176.130132697466
10249.196341222058
10191.905791356185
10126.312263248881
10166.16655880775
10166.16655880775
10166.16655880775
10166.16655880775
10025.84622652757
10071.51260685544
10006.749376572281
10025.01592870343
10025.01592870343
9951.119422354695
10069.021713383012
9941.986146289122
9983.501037496275
10285.729445484352
10274.935573770492
10274.935573770492
10288.22033895678
10237.572171684054
10127.142561073026
10059.888437317437
10140.427326259314
9977.688952727274
9977.688952727274
10019.203843934427
9984.331335320418
10027.506822175857
10121.330476304025
10069.021713383012
10019.203843934427
10019.203843934427
9956.931507123696
10000.106993979136
9832.386833502236
9845.671598688525
9829.065642205664
9818.271770491803
9818.271770491803
9776.75687928465
9804.15670748137
9735.241988077496
9767.623603219077
9871.41083123696
9886.356192071536
9886.356192071536
9910.434828971684
9983.501037496275
9932.022572399404
9927.040785454545
10241.72366080477
10178.621026169896
10178.621026169896
10132.954645842028
10139.597028435172
10080.645882921013
10094.760945931446
10020.03414175857
10005.088780923994
10005.088780923994
9985.16163314456
10019.203843934427
10061.549032965722
10061.549032965722
10090.609456810731
10102.233626348734
10102.233626348734
10108.876008941877
10258.32961728763
10294.032423725783
10206.020854366618
10234.250980387482
10121.330476304025
10121.330476304025
10096.421541579732
10105.554817645305
10017.54324828614
9990.14342008942
10025.84622652757
9863.10785299553
9863.10785299553
9883.035000774962
9892.168276840537
9896.319765961252
9976.028357078987
10073.173202503727
10132.124348017884
10132.124348017884
10126.312263248881
10034.149204769003
10117.178987183308
9994.294909210135
9917.07721156483
9871.41083123696
9871.41083123696
9824.914153084948
9824.914153084948
9780.078070581223
9671.30905561848
9744.37526414307
9658.024290432191
9658.024290432191
9637.266844828615
9740.223775022354
9799.174920536514
9748.526753263784
9725.27841418778
9763.472114098362
9763.472114098362
9750.187348912072
9874.732022533532
10126.312263248881
10054.076352548436
9976.85865490313
9955.27091147541
9955.27091147541
10014.222056989567
10047.433969955291
10038.300693889718
10044.112778658719
9975.198059254844
9998.44639833085
9998.44639833085
9998.44639833085
